# callgrind format
version: 1
creator: callgrind-3.13.0
pid: 10473
cmd:  ./cmake-build-debug/hufd
part: 1


desc: I1 cache: 
desc: D1 cache: 
desc: LL cache: 

desc: Timerange: Basic block 0 - 25444933
desc: Trigger: Program termination

positions: line
events: Ir
summary: 137566817


ob=(5) /home/k/CLionProjects/seng440/cmake-build-debug/hufd
fl=(94) /home/k/CLionProjects/seng440/huff_dec.c
fn=(352) main
27 6
+2 2
+1 2
+8 2
+1 1
+1 1
+2 19385233
+1 8307957
-3 8307960
cob=(3) /lib/x86_64-linux-gnu/libc-2.27.so
cfi=(95) /build/glibc-OTsEL5/glibc-2.27/libio/getc.c
cfn=(356) getc
calls=2769320 -6 
* 36163609
* 2769320
* 8307961
+11 69
+66 1
+1 52
+2 1
+4 2635136
+1 1317568
+2 658784
+1 4611488
+1 658784
+1 4611488
+1 658784
+1 4611488
+1 658784
+1 4611488
+1 658784
+1 4611488
+2 3293920
+2 5035056
cob=(3)
cfi=(111) /build/glibc-OTsEL5/glibc-2.27/libio/putc.c
cfn=(426) putc
calls=629382 28 
* 8208068
* 629382
+1 3146910
+12 176412
+1 56940
cob=(3)
cfi=(111)
cfn=(426)
calls=14235 28 
* 185556
* 14235
+1 28470
+1 91002
+1 25516
cob=(3)
cfi=(111)
cfn=(426)
calls=6379 28 
* 83094
* 6379
+1 12758
+1 52728
+1 24264
cob=(3)
cfi=(111)
cfn=(426)
calls=6066 28 
* 79192
* 6066
+1 12132
+1 16332
+1 3488
cob=(3)
cfi=(111)
cfn=(426)
calls=872 28 
* 11336
* 872
+1 1744
+1 11100
+1 2560
cob=(3)
cfi=(111)
cfn=(426)
calls=640 28 
* 8320
* 640
+1 1280
+1 7260
+1 3700
cob=(3)
cfi=(111)
cfn=(426)
calls=925 28 
* 12025
* 925
+1 1850
+2 1140
cob=(3)
cfi=(111)
cfn=(426)
calls=285 28 
* 3705
* 285
+1 285
-53 2635140
+58 1
+1 5

fl=(88) ???
fn=(340) 0x0000000000000800
0 17

fn=(326) _start
0 11
cob=(3)
cfi=(89) /build/glibc-OTsEL5/glibc-2.27/csu/../csu/libc-start.c
cfn=(328) (below main)
calls=1 137 
0 137439988

fn=(334) __libc_csu_init
0 15
cob=(2) ???
cfi=(18) ???
cfn=(336) 0x0000000000108670
calls=1 0 
0 6
0 8
cfn=(340)
calls=1 0 
0 17
0 11

fn=(462) 0x0000000000000730
0 8

fn=(448) 0x00000000000007c0
0 8
cob=(2)
cfi=(18)
cfn=(454) 0x00000000001086f0
calls=1 0 
0 75
0 1
cfn=(462)
calls=1 0 
0 8
0 3

ob=(1) /lib/x86_64-linux-gnu/ld-2.27.so
fl=(25) /build/glibc-OTsEL5/glibc-2.27/elf/dl-hwcaps.c
fn=(68) _dl_important_hwcaps
42 4
+1 1
-1 8
+1 4
-1 1
+1 1
cfi=(9) /build/glibc-OTsEL5/glibc-2.27/elf/dl-tunables.c
cfn=(26) __tunable_get_val
calls=1 373 
* 18
* 1
+3 3
-3 1
+12 6
+1 3
+1 1
-2 1
+2 1
-2 5
+1 3
+1 1
-2 1
+2 1
-2 5
+10 3
fi=(26) /build/glibc-OTsEL5/glibc-2.27/elf/../sysdeps/unix/sysv/linux/not-errno.h
-37 4
fe=(25)
131 4
-2 1
+17 6
+3 2
329 9
69 3
+77 1
+20 1
-19 1
+36 10
+1 3
-1 2
+1 3
fi=(27) /build/glibc-OTsEL5/glibc-2.27/elf/../sysdeps/x86/dl-hwcap.h
57 6
fe=(25)
186 1
+1 1
cfi=(13) /build/glibc-OTsEL5/glibc-2.27/string/../sysdeps/x86_64/multiarch/../strlen.S
cfn=(28) strlen
calls=1 79 
* 16
+1 1
-1 1
+1 3
-5 1
+5 1
-5 1
+5 2
-5 5
+8 3
+2 1
+1 6
+4 1
+4 1
-3 1
-1 1
+4 2
+3 4
+4 3
+1 1
-1 5
+1 3
+2 3
+2 2
-1 1
+1 1
-1 1
+2 2
+7 2
+6 11
+1 4
cfi=(19) /build/glibc-OTsEL5/glibc-2.27/elf/dl-minimal.c
cfn=(46) malloc
calls=1 50 
* 18
* 1
+1 1
-1 1
+1 3
+29 13
+3 4
+7 1
+10 12
-4 2
-3 1
+3 1
cfi=(20) /build/glibc-OTsEL5/glibc-2.27/string/../sysdeps/x86_64/multiarch/memmove-vec-unaligned-erms.S
cfn=(74) mempcpy
calls=1 116 
* 16
* 2
-3 1
+3 1
cfi=(20)
cfn=(74)
calls=1 116 
* 16
* 6
+3 7
+1 12
+1 4
cfi=(20)
cfn=(74)
calls=1 116 
* 14
-2 1
+2 2
-2 1
+5 6
cfi=(20)
cfn=(74)
calls=2 116 
* 28
+2 2
-2 4
+2 5
-7 3
+12 1
+1 2
-1 9
+1 14
-1 18
+5 10
+4 3
-4 12
+4 33
+1 12
-1 12
+1 24
-2 12
+1 24
-1 39
+4 6
+5 1
-2 1
+2 1
-1 1
-1 2
+2 1
-1 1
+1 4
+2 6
+1 2
+3 2
-6 5
+13 8
+1 1
-1 2
+3 2
-3 3
+1 3
-1 6
+3 6
+3 3
+2 2
-15 2
-6 3
-42 2

fl=(42) /build/glibc-OTsEL5/glibc-2.27/misc/../sysdeps/unix/sysv/linux/mmap64.c
fn=(132) mmap
44 14
+3 7
-6 84
+6 7
+5 70
+2 49
-7 12

fl=(46) /build/glibc-OTsEL5/glibc-2.27/io/../sysdeps/unix/sysv/linux/close.c
fn=(142) close
27 12
+1 3

fl=(35) /build/glibc-OTsEL5/glibc-2.27/setjmp/../sysdeps/x86_64/setjmp.S
fn=(110) __sigsetjmp
26 3
+9 3
+1 6
+1 3
+4 3
+1 3
+1 3
+1 3
+1 3
+2 6
+2 3
+1 3
+1 3
+2 6
+2 3
+4 3
+1 3

fl=(47) /build/glibc-OTsEL5/glibc-2.27/io/../sysdeps/unix/sysv/linux/access.c
fn=(144) access
27 7
+4 1

fl=(21) /build/glibc-OTsEL5/glibc-2.27/string/../sysdeps/x86_64/strcmp.S
fn=(56) strcmp
144 222
+1 222
+2 222
+1 222
+21 222
+1 222
+1 143
+1 143
+1 80
+1 80
+1 80
+1 80
+21 80
+1 80
+1 80
+1 80
+1 80
+1 80
+1 80
+5 6
+1 6
+9 6
+1 6
+1 6
+1 6
+1 6
+1 6
+1 6
+1 6
-7 142
+1 142
+1 142
+1 142
+1 142
+1 142
+1 142
+1 142
+1 86
+1 71
+1 71
+1 71
+2 71
+1 71
+1 71
+1 71
+1 71
+1 71
-5 15
+1 15
+1 15
+1 15
+1 15
+1 15
+10 62
+1 62
+1 62
+2 62
+6 62
+1 62
+1 62
+1 62
+1 62
+5 62
+2 62
+1 62
+1 124
+8 62
+1 62
+3 62
+1 62
+1 62
+1 62
+1 62
+1 62
696 2
+1 2
+1 2
+1 2
+1 2
+2 2
+1 2
+1 2
+1 2
+1 2
+1 2
+1 2
+1 1
+4 1
+1 1
+1 1
+6 1
+1 1
+1 2
+4 1
+1 1
+3 1
+1 1
+1 1
+3 1
+1 1
+1 1
+6 1
+1 1
+1 1
+1 1
+1 1
+1 1
946 2
+1 2
+1 2
+1 2
+1 2
+2 2
+1 2
+1 2
+1 2
+1 2
+1 2
+1 2
+1 1
+4 1
+1 1
+1 1
+6 1
+1 1
+1 2
+4 1
+1 1
+3 1
+1 1
+1 1
+3 1
+1 1
+1 1
+6 1
+1 1
+1 1
+1 1
+1 1
+1 1
+72 46
+1 46
+1 46
+1 46
+1 46
+2 46
+1 46
+1 46
+1 46
+1 46
+1 46
+1 46
+1 2
+4 2
+1 2
+1 2
+6 2
+1 2
+1 4
+4 2
+1 2
+3 2
+1 2
+1 2
+3 2
+1 2
+1 2
+6 2
+1 2
+1 2
+1 2
+1 2
+1 2
+72 5
+1 5
+1 5
+1 5
+1 5
+2 5
+1 5
+1 5
+1 5
+1 5
+1 5
+1 5
+1 1
+4 1
+1 1
+1 1
+6 1
+1 1
+1 2
+4 1
+1 1
+3 1
+1 1
+1 1
+3 1
+1 1
+1 1
+6 1
+1 1
+1 1
+1 1
+1 1
+1 1
+72 1
+1 1
+1 1
+1 1
+1 1
+2 1
+1 1
+1 1
+1 1
+1 1
+1 1
+1 1
1446 1
+1 1
+1 1
+1 1
+1 1
+2 1
+1 1
+1 1
+1 1
+1 1
+1 1
+1 1
+1 1
+4 1
+1 1
+1 1
+6 1
+1 1
+1 2
+4 1
+1 1
+3 1
+1 1
+1 1
+3 1
+1 1
+1 1
+6 1
+1 1
+1 1
+1 1
+1 1
+1 1
+72 1
+1 1
+1 1
+1 1
+1 1
+2 1
+1 1
+1 1
+1 1
+1 1
+1 1
+1 1
1696 1
+1 1
+1 1
+1 1
+1 1
+2 1
+1 1
+1 1
+1 1
+1 1
+1 1
+1 1
+1 1
+4 1
+1 1
+1 1
+6 1
+1 1
+1 2
+4 1
+1 1
+3 1
+1 1
+1 1
+3 1
+1 1
+1 1
+6 1
+1 1
+1 1
+1 1
+1 1
+1 1
+7 1
+1 1
+2 1
+1 1
+2 1
+1 1
+1 1
+3 1
+1 1
+1 1
+6 1
+1 1
+1 1
+1 1
+1 1
+1 1
+41 5
+1 5
+1 5
+1 5
+1 5
+2 5
+1 5
+1 5
+1 5
+1 5
+1 5
+1 5
+1 5
+4 5
+1 5
+1 5
+6 5
+1 5
+1 10
+4 5
+1 5
+3 5
+1 5
+1 5
+3 5
+1 5
+1 5
+6 5
+1 5
+1 5
+1 5
+1 5
+1 5
+72 18
+1 18
+1 18
+1 18
+1 18
+2 18
+1 18
+1 18
+1 18
+1 18
+1 18
+1 18
+1 14
+4 14
+1 14
+1 14
+6 14
+1 14
+1 28
+4 14
+1 14
+3 14
+1 14
+1 14
+3 14
+1 14
+1 14
+6 14
+1 14
+1 14
+1 14
+1 14
+1 14
+72 4
+1 4
+1 4
+1 4
+1 4
+2 4
+1 4
+1 4
+1 4
+1 4
+1 4
+1 4
2200 88
+2 88
+1 88
+1 88
+1 88
-3 60
+1 60
+1 60
+1 60
+1 213
+5 71
+6 71
+1 71
+8 71
+1 71
-16 151
+6 151
+1 151
+8 151
+1 151

fl=(29) /build/glibc-OTsEL5/glibc-2.27/string/../sysdeps/x86_64/multiarch/../strchr.S
fn=(84) index
24 6
+1 6
+1 6
+1 6
+1 6
+1 6
+1 6
+1 6
+1 6
+1 6
+1 6
+1 6
+1 6
+1 6
+1 6
+1 6
+1 6
+1 4
+4 4
+1 4
+1 4
+1 4
+2 4
+4 2
+1 2
+1 2
+1 2
+1 2
+1 2
+1 2
+1 2
+1 2
+1 2
+1 2
+1 2
+1 2
+1 2
+1 2
+1 2
+1 2
+1 2
+1 2
+1 2
+1 2
+1 2
+1 2
+1 2
+52 2
+4 2
+1 2
+1 2
+1 2
+2 2

fl=(19)
fn=(90) free
111 4

fn=(42) calloc
92 8
+8 8
-1 16
-3 8
+4 16
+3 8
cfn=(46)
calls=8 -53 
* 210
* 8

fn=(46)
50 87
+11 42
+3 21
-3 21
+3 42
-3 2
+3 1
-3 1
+3 86
-15 3
+20 4
+1 2
+2 1
+1 8
cfi=(42)
cfn=(132)
calls=1 -29 
* 35
+2 2
+2 3
+2 1
+3 1
-3 2
+4 1
+2 5
-2 21
-1 21
+3 42
-29 1
-1 1
+1 1
+1 2
-2 2

fn=(80) strsep
265 4
+2 2
+1 4
+4 33
+7 84
-2 56
+13 1
+4 2
-7 14
-15 44

fl=(36) /build/glibc-OTsEL5/glibc-2.27/elf/dl-misc.c
fn=(116) _dl_name_match_p
282 240
+1 96
cfi=(21)
cfn=(56)
calls=48 144 
* 1788
* 48
+1 48
-1 48
+3 48
+2 96
+6 45
+1 225
-3 49
-4 98
+1 156
cfi=(21)
cfn=(56)
calls=52 144 
* 2011
* 104
+6 3
-11 3
+11 12

fn=(156) _dl_sysdep_read_whole_file
44 2
+3 1
-3 3
+3 1
-3 3
+3 1
cfi=(37) /build/glibc-OTsEL5/glibc-2.27/io/../sysdeps/unix/sysv/linux/wordsize-64/lxstat.c
cfn=(120) open
calls=1 -8 
* 16
+1 2
+2 5
cfi=(41) /build/glibc-OTsEL5/glibc-2.27/io/../sysdeps/unix/sysv/linux/wordsize-64/fxstat.c
cfn=(130) _fxstat
calls=1 -16 
* 10
* 2
+2 1
+3 1
-3 1
+3 1
+13 2
cfi=(46)
cfn=(142)
calls=1 -41 
* 5
+3 7
-14 6
cfi=(42)
cfn=(132)
calls=1 -13 
* 35
* 2

fl=(11) /build/glibc-OTsEL5/glibc-2.27/elf/../sysdeps/unix/sysv/linux/dl-sysdep.c
fn=(62) _dl_discover_osversion
45 4
+2 3
+85 5
-45 3
cfi=(23) /build/glibc-OTsEL5/glibc-2.27/posix/../sysdeps/unix/syscall-template.S
cfn=(64) uname
calls=1 -9 
* 5
* 1
+15 1
-15 1
+20 1
-1 1
+3 12
+4 3
-2 6
+2 10
+2 1
+1 2
-3 4
+7 3
-1 3
+4 3
-2 3
+2 10
+5 2

fl=(44) /build/glibc-OTsEL5/glibc-2.27/misc/../sysdeps/unix/syscall-template.S
fn=(286) munmap
78 4
+1 1

fn=(136) mprotect
78 24
+1 6

fl=(7) /build/glibc-OTsEL5/glibc-2.27/elf/../elf/dl-sysdep.c
fn=(282) _dl_sysdep_start_cleanup
260 1

fn=(12) _dl_sysdep_start
88 8
+25 1
-1 1
+1 187
+6 1
-3 1
+1 1
-4 1
+3 1
+3 4
+1 2
-1 12
-29 1
-1 10
+30 2
+1 108
+3 1
-4 74
+62 1
-62 1
+63 1
-1 1
-62 3
+34 1
-34 2
+35 1
-35 2
+46 1
-46 1
+47 1
-1 1
-46 3
+40 1
-40 1
+41 1
-1 1
-40 3
+37 1
-37 2
+38 1
-38 3
+13 1
-13 2
+14 1
-14 2
+10 1
-10 2
+11 1
-11 2
+7 1
-7 4
224 1
cfi=(9)
cfn=(16) __GI___tunables_init
calls=1 +65 
* 22702
fi=(11)
35 2
cfi=(12) /build/glibc-OTsEL5/glibc-2.27/elf/../sysdeps/unix/sysv/linux/x86_64/brk.c
cfn=(22) brk
calls=1 -4 
* 11
fi=(8) /build/glibc-OTsEL5/glibc-2.27/elf/../sysdeps/x86/cpu-features.c
196 1
-12 1
+1 1
+11 1
+3 1
-3 1
+3 5
366 3
+1 1
+3 2
+1 1
+6 1
+5 2
-3 1
+3 1
-4 1
+4 1
cfi=(9)
cfn=(26)
calls=1 -9 
* 16
+2 4
cfi=(9)
cfn=(26)
calls=1 -11 
* 18
* 1
+2 3
-2 1
+2 1
cfi=(9)
cfn=(26)
calls=1 -13 
* 18
* 1
+2 3
-2 1
+2 1
cfi=(9)
cfn=(26)
calls=1 -15 
* 18
+12 1
-12 1
+11 1
-11 1
+12 1
fe=(7)
236 1
cfi=(13)
cfn=(28)
calls=1 79 
* 16
* 1
+2 2
cfi=(14) /build/glibc-OTsEL5/glibc-2.27/elf/../misc/sbrk.c
cfn=(30) sbrk
calls=1 32 
* 17
* 3
+12 3
+3 5
cfi=(2) /build/glibc-OTsEL5/glibc-2.27/elf/rtld.c
cfn=(32) dl_main
calls=1 870 
* 100088
+1 1
+1 8
fi=(8)
404 3
+28 2
-9 3
+2 4
+3 4
+1 2
205 6
cfn=(24) get_common_indeces.constprop.1
calls=1 34 
* 87
+3 3
+97 4
+7 4
203 1
312 4
210 5
+1 7
+85 3
-79 2
fe=(7)

fl=(23)
fn=(64)
78 4
+1 1

fl=(34) /build/glibc-OTsEL5/glibc-2.27/elf/dl-error-skeleton.c
fn=(104) _dl_catch_error
213 6
+2 2
-2 1
+2 2
cfn=(108) _dl_catch_exception
calls=1 -40 
* 2178
* 1
+1 2
+1 1
+1 1
-1 1
+1 1
+2 5

fn=(108)
175 6
+15 3
-3 6
+4 3
-3 3
-13 3
+19 3
-3 3
+3 3
-19 3
+13 3
+2 3
+4 3
cfi=(35)
cfn=(110)
calls=3 26 
* 60
* 9
+2 9
cfi=(48) /build/glibc-OTsEL5/glibc-2.27/elf/dl-deps.c
cfn=(148) openaux
calls=2 60 
* 5826
cfi=(2)
cfn=(112) map_doit
calls=1 588 
* 2127
+2 3
-1 3
+1 6
-1 3
+1 3
+9 12

fn=(166) _dl_receive_error
226 3
+1 1
+1 1
+3 1
+1 1
+2 2
cfi=(2)
cfn=(168) version_check_doit
calls=1 621 
* 2781
+2 1
+1 1
+1 4

fl=(48)
fn=(148)
60 4
+7 2
-4 6
+1 2
-1 2
+1 2
-1 10
cfi=(24) /build/glibc-OTsEL5/glibc-2.27/elf/dl-load.c
cfn=(114) _dl_map_object
calls=2 2080 
* 5792
* 2
+5 4

fn=(146) _dl_map_object_deps
159 1
-1 1
+1 1
-1 5
+1 1
-1 2
+1 1
-1 2
+1 1
-1 1
+1 1
-8 1
+8 2
-8 1
-6 1
+14 1
-8 1
+24 1
-32 1
+1 1
+1 1
+6 1
+24 2
-28 2
-2 1
+31 1
-33 3
+2 2
-1 1
+1 2
+6 3
+24 1
-24 1
+24 7
+4 1
+19 1
+2 2
-14 1
-1 1
+13 5
+11 1
+4 4
-4 3
+4 12
+12 12
+2 2
+8 2
-8 2
+6 2
-6 2
+6 2
+1 2
+4 2
-3 2
-3 2
+2 2
+4 8
+66 2
-98 2
+98 2
-66 4
+7 10
cfi=(29)
cfn=(84)
calls=2 24 
* 70
* 4
+4 6
-2 2
+2 2
cfi=(34)
cfn=(108)
calls=2 -74 
* 5928
* 2
+1 4
+9 2
+2 4
+5 2
+6 2
+2 2
-8 4
+3 2
+1 2
+1 2
+1 2
+4 10
+4 4
+1 3
-43 204
+1 102
+44 147
434 4
+2 6
+3 4
-1 2
cfi=(19)
cfn=(46)
calls=2 50 
* 36
* 2
+2 2
-2 2
+2 2
+3 2
+1 8
-1 2
+1 2
cfi=(20)
cfn=(48) memcpy
calls=2 129 
* 20
+1 10
cfi=(20)
cfn=(48)
calls=2 129 
* 20
+4 2
-1 2
+5 28
+7 6
+4 4
+11 3
-1 1
cfi=(19)
cfn=(46)
calls=1 50 
* 18
* 1
+3 1
-3 1
+3 4
+5 1
+1 1
-1 1
+3 2
-3 4
+9 2
+4 3
-10 3
-3 3
+9 6
+4 9
-10 9
+13 2
+51 2
+2 1
-1 1
+1 2
+35 7
cfi=(20)
cfn=(48)
calls=1 129 
* 10
+4 5
cfi=(52) /build/glibc-OTsEL5/glibc-2.27/elf/dl-sort-maps.c
cfn=(164) _dl_sort_maps
calls=1 28 
* 232
+3 1
+3 1
-1 1
+2 4
+7 3
+3 2
+3 8
225 8
-19 2
434 5
+27 2
214 25
+2 2
+2 8
+2 26
456 9
-1 4
+1 10
199 3
573 6

fl=(78) /build/glibc-OTsEL5/glibc-2.27/elf/dl-init.c
fn=(290) _dl_init
79 11
+5 1
-4 1
+1 1
+3 2
+8 2
+25 2
+1 12
+1 12
-89 12
+9 3
-3 6
+3 9
+5 6
+5 2
+9 6
cob=(3)
cfi=(80) /build/glibc-OTsEL5/glibc-2.27/csu/../csu/init-first.c
cfn=(302) _init
calls=1 -6 
* 207
* 1
+4 2
+6 2
+2 2
-2 1
+3 1
-1 1
+1 5
+1 4
cob=(3)
cfi=(86) /build/glibc-OTsEL5/glibc-2.27/string/../sysdeps/x86/cacheinfo.c
cfn=(316) init_cacheinfo
calls=1 488 
* 1773
* 1
-1 2
+47 3
+7 8
-80 3
-5 3
-10 3
+57 2
-48 1
-3 2
+3 3
+5 3
+5 2
+9 7
cob=(2)
cfi=(18)
cfn=(292) 0x0000000004a2a520
calls=1 -58 
* 6
* 1
+3 1
+1 2
+6 1
+2 2
-2 2
+3 8
+1 4
cob=(4) /usr/lib/valgrind/vgpreload_core-amd64-linux.so
cfi=(79) ???
cfn=(296) 0x0000000000000640
calls=1 -72 
* 17
-1 5

fl=(13)
fn=(28)
79 14
+1 14
+1 14
+1 14
+1 14
+1 14
+1 14
+2 14
+2 14
+31 14
+1 14
+1 14
+1 14
+1 14
+1 8
+2 8
+4 6
+1 6
+1 6
+1 6
+1 6
+1 6
+1 6
+1 6
+1 6
+1 6
+1 6
+1 6
+5 48

fl=(14)
fn=(30)
32 4
+8 6
+4 2
+16 5

fl=(41)
fn=(130)
34 3
-1 3
+1 3
+1 18
+4 3

fl=(12)
fn=(22)
31 7
+8 1
-6 2
+7 1

fl=(24)
fn=(118) open_verify.constprop.7
1598 110
+39 10
-39 30
+39 38
+31 40
cfi=(37)
cfn=(120)
calls=10 39 
* 184
+2 10
-2 10
+2 12
+10 2
+1 4
+5 12
cfi=(39) /build/glibc-OTsEL5/glibc-2.27/io/../sysdeps/unix/sysv/linux/read.c
cfn=(124) read
calls=2 27 
* 10
+2 4
+2 2
+2 2
-2 2
+2 2
+6 4
+16 32
+74 4
+5 4
+2 8
+6 4
+11 4
+6 2
+1 2
+1 2
-2 6
+1 6
+21 82
+2 38
+13 6
+3 8
+1 2
+12 12
-3 18
+15 2
+3 1
+1 3
+1 1
-1 1
-1 1
+3 3
+1 3
1650 8
1918 90
1714 2
1871 12
+3 2
-4 2
+4 4
+5 1
+1 2
-55 2

fn=(114)
2080 21
+8 3
-8 6
+8 3
+1 12
+3 42
+5 49
+2 21
cfi=(36)
cfn=(116)
calls=7 282 
* 919
* 14
+4 12
+1 18
+3 2
+1 2
+1 2
-1 2
+1 2
cfi=(21)
cfn=(56)
calls=2 144 
* 74
* 4
2391 27
2125 6
+10 6
-53 2
+89 4
-2 2
+2 2
cfi=(29)
cfn=(84)
calls=2 24 
* 46
* 4
2322 5
cfn=(82) expand_dynamic_string_token
calls=1 320 
* 154
* 1
-2 1
+3 5
+4 9
cfn=(118)
calls=1 1598 
* 208
+3 2
-3 1
+3 3
+12 3
+46 1
+1 3
-1 1
+1 9
cfn=(126) _dl_map_object_from_fd
calls=1 808 
* 1347
-1 1
+1 3
-1 1
+1 9
cfn=(126)
calls=1 808 
* 1694
* 6
2171 1
+4 2
cfi=(13)
cfn=(28)
calls=1 79 
* 16
* 1
+2 1
-2 1
+2 1
+7 4
+36 12
cfn=(150) open_path
calls=1 1932 
* 1347
+6 2
-6 1
+6 3
601 3
2314 2
+28 4
+2 2
-95 1
-14 1
+14 1
+2 3
+4 2
cfi=(50) /build/glibc-OTsEL5/glibc-2.27/elf/dl-cache.c
cfn=(154) _dl_load_cache_lookup
calls=1 187 
* 1435
+2 1
-2 1
+2 1
+4 2
+8 3
+23 10
cfn=(118)
calls=1 1598 
* 220
+4 2
-4 1
+4 3
+1 2
-88 7
601 3
2219 2
+1 2
-32 1
+1 2
-1 3
+8 7
-3 3
601 3
+9 3
2208 3

fn=(126)
808 22
+10 2
-10 2
+10 2
-10 6
+10 2
cfi=(31) /build/glibc-OTsEL5/glibc-2.27/elf/dl-debug.c
cfn=(92) _dl_debug_initialize
calls=2 49 
* 16
fi=(40) /build/glibc-OTsEL5/glibc-2.27/elf/../sysdeps/posix/dl-fileid.h
37 6
fe=(24)
818 2
fi=(40)
37 2
cfi=(41)
cfn=(130)
calls=2 -3 
* 20
* 4
+4 2
fe=(24)
834 2
fi=(40)
40 2
+1 2
fe=(24)
834 27
+1 10
fi=(40)
49 13
fe=(24)
1346 18
852 4
+24 8
+10 4
+22 8
+32 4
819 2
943 14
cfi=(17) /build/glibc-OTsEL5/glibc-2.27/elf/dl-object.c
cfn=(38) _dl_new_object
calls=2 59 
* 758
+1 2
-1 2
+1 2
+11 4
+5 2
-5 2
+1 2
+5 2
-5 2
+1 2
+2 2
-2 2
+2 4
+1 6
+20 2
-2 2
+10 2
-8 12
+8 2
-8 6
+8 2
+97 2
982 2
-6 2
1085 2
981 2
-5 4
1085 6
-96 32
-1 102
+1 95
+6 4
+5 4
+1 8
+11 20
+5 32
+9 12
-1 12
+1 4
+1 8
+2 4
-2 4
+1 4
-1 4
+3 4
+4 4
-7 4
+3 4
-1 4
+5 4
+1 8
+5 4
-1 2
-14 2
+14 2
+1 12
+10 2
-10 4
-1 2
-14 2
+14 2
+1 12
+10 2
-44 2
+1 1
+46 3
+4 1
+1 1
+2 1
-1 1
-1 2
+1 1
+3 3
+1 1
+3 1
-3 1
+7 4
+6 1
cfi=(32) /build/glibc-OTsEL5/glibc-2.27/elf/../elf/dl-tls.c
cfn=(162) _dl_next_tls_modid
calls=1 51 
* 6
* 2
+1 1
+19 4
+1 4
+1 2
-6 4
+1 2
+8 8
956 2
1110 2
956 2
1110 2
+10 6
fi=(43) /build/glibc-OTsEL5/glibc-2.27/elf/./dl-map-segments.h
50 2
+6 2
fe=(24)
1120 8
fi=(43)
56 6
fe=(24)
1120 2
fi=(43)
50 2
fe=(24)
1120 4
fi=(43)
56 4
cfi=(42)
cfn=(132)
calls=2 -12 
* 74
+4 2
-4 2
+4 4
+3 4
+1 2
+2 2
-2 2
-1 2
+3 2
+14 4
fi=(45) /build/glibc-OTsEL5/glibc-2.27/elf/./dl-load.h
+10 8
+1 6
+2 8
fi=(43)
+11 16
+45 4
-59 20
+2 12
+2 16
cfi=(42)
cfn=(132)
calls=2 -50 
* 66
* 4
+16 2
+2 2
-2 2
+1 2
+2 2
-1 2
+1 2
-1 6
+8 4
+3 4
+8 14
cfi=(28) /build/glibc-OTsEL5/glibc-2.27/string/../sysdeps/x86_64/multiarch/memset-vec-unaligned-erms.S
cfn=(76) memset
calls=2 -22 
* 249
* 4
+6 4
+4 8
cfi=(42)
cfn=(132)
calls=1 -97 
* 33
+3 2
-71 20
cfi=(44)
cfn=(136)
calls=2 +5 
* 10
* 4
fi=(45)
+21 5
+2 1
-1 3
+1 1
-1 1
+1 2
-1 2
+3 4
fe=(24)
1132 8
+9 4
fi=(3) /build/glibc-OTsEL5/glibc-2.27/elf/get-dynamic-info.h
42 2
fe=(24)
1141 2
fi=(3)
42 2
+6 2
-2 2
+2 4
+15 2
+5 2
+3 2
-1 2
-3 2
-3 36
+10 8
-26 24
+16 35
+10 35
-26 105
+26 2
-26 6
+2 90
+13 40
+2 8
+16 4
+20 7
+1 8
+1 8
+1 8
+2 8
+5 8
+1 7
+1 8
+6 6
+5 4
+7 4
+1 6
+18 6
+5 1
+2 1
-2 1
+2 1
+2 2
+2 2
+3 6
+10 1
-8 4
+8 1
+5 2
+3 4
fe=(24)
1148 4
+15 6
+19 4
+2 10
+54 6
+1 2
+3 2
cfi=(46)
cfn=(142)
calls=1 27 
* 5
* 2
cfi=(46)
cfn=(142)
calls=1 27 
* 5
* 4
+9 4
+2 6
+2 2
-2 2
+2 2
+16 4
cfi=(6) /build/glibc-OTsEL5/glibc-2.27/elf/dl-lookup.c
cfn=(10) _dl_setup_hash
calls=2 939 
* 46
+4 4
+1 4
+17 4
+1 1
+8 1
-5 3
+5 2
-5 3
+5 1
+10 4
+10 6
cfi=(17)
cfn=(50) _dl_add_to_namespace_list
calls=2 31 
* 82
+4 6
fi=(3)
68 8
+3 8
+1 2
+1 8
fe=(24)
369 2

fn=(150)
1932 8
+1 1
+6 1
-6 1
+6 1
+5 11
-7 1
-1 1
+8 7
+3 3
+9 4
+7 3
+1 1
-13 3
+12 1
cfi=(20)
cfn=(74)
calls=1 116 
* 12
* 1
+55 2
-22 6
-32 2
+32 24
-32 16
+3 16
+4 48
cfi=(20)
cfn=(74)
calls=8 116 
* 101
* 32
cfi=(20)
cfn=(74)
calls=8 116 
* 96
+3 16
+3 24
+3 72
cfn=(118)
calls=8 1598 
* 440
* 8
+2 40
+2 16
+89 9
-24 7
+7 1
-2 1
+2 3
+3 3
-13 2
-57 16
+1 64
+6 16
+2 16
-2 16
+2 16
cfi=(49) /build/glibc-OTsEL5/glibc-2.27/io/../sysdeps/unix/sysv/linux/wordsize-64/xstat.c
cfn=(152) _xstat
calls=8 34 
* 101
* 8
+3 8
-3 8
+1 1
+2 1
-2 1
+2 7
-37 2
+37 7
-37 14

fn=(66) _dl_init_paths
623 1
+13 2
-13 8
+13 3
cfi=(25)
cfn=(68)
calls=1 42 
* 711
+5 1
-5 1
+5 1
cfi=(19)
cfn=(46)
calls=1 50 
* 18
* 1
+1 1
-2 1
+2 2
+8 1
-1 1
+1 4
-1 3
+4 4
cfi=(19)
cfn=(46)
calls=1 50 
* 18
* 1
+2 1
-2 2
+2 1
+7 1
+10 1
-11 1
+12 1
+3 1
+1 1
-5 1
+3 1
+1 1
-1 1
+9 1
-20 1
+17 1
+3 1
-3 17
cfi=(28)
cfn=(76)
calls=4 109 
* 48
+3 27
-12 3
-2 3
+10 3
-7 3
-1 3
+4 3
-1 3
+1 3
+1 3
+3 3
+1 3
-4 3
+4 3
+14 1
-11 1
+6 1
+1 1
+5 2
+2 4
+2 3
+38 5
-19 1
-2 2
+2 2
+21 3
cfi=(13)
cfn=(28)
calls=1 79 
* 16
* 8
cfi=(20)
cfn=(48)
calls=1 129 
* 10
* 1
+5 4
-1 2
+2 56
-1 57
+5 1
cfi=(19)
cfn=(46)
calls=1 50 
* 18
* 1
+1 1
-2 1
+2 1
+6 7
cfn=(78) fillin_rpath
calls=1 389 
* 584
+3 3
+6 1
+4 8
-37 2

fn=(78)
389 7
+2 1
-2 9
+4 3
cfi=(19)
cfn=(80)
calls=1 265 
* 238
* 3
cfi=(19)
cfn=(80)
calls=1 265 
* 6
* 6
+7 2
+2 3
cfn=(82)
calls=1 -82 
* 104
+4 1
-4 1
+4 1
+5 2
cfi=(13)
cfn=(28)
calls=1 79 
* 16
+1 2
+7 6
+9 17
+1 8
+57 2
cob=(2)
cfi=(18)
cfn=(88) 0x0000000004000f00
calls=1 0 
* 5
* 1
-39 2
+4 7
-1 1
cfi=(19)
cfn=(46)
calls=1 50 
* 18
* 1
+3 3
+5 1
+1 2
-2 2
+2 1
cfi=(20)
cfn=(74)
calls=1 116 
* 12
+3 1
-2 1
-1 1
+1 1
+2 1
+6 4
+1 17
+1 1
-1 3
+1 1
-1 14
+1 8
-1 1
+1 1
-1 3
+1 1
-1 2
+4 1
-1 1
+1 1
-1 1
+1 1
+8 1
-1 1
+4 3
-37 2
-28 1
+5 4
+66 1
+3 9
-15 2

fn=(82)
320 12
+10 4
-10 2
+10 2
cfi=(29)
cfn=(84)
calls=2 24 
* 70
* 4
+15 2
-11 2
+11 8
-11 2
cfi=(30) /build/glibc-OTsEL5/glibc-2.27/string/strdup.c
cfn=(86) strdup
calls=2 40 
* 150

fl=(105) /build/glibc-OTsEL5/glibc-2.27/elf/../elf/dl-runtime.c
fn=(390) _dl_fixup
66 4
+6 4
-6 2
+3 4
+3 6
-4 2
+5 2
+2 2
-2 10
+2 2
-2 2
+2 2
+5 4
+4 4
+4 2
+7 2
-7 4
+4 4
+1 8
+2 8
+7 4
-1 2
+1 2
+10 18
cfi=(6)
cfn=(188) _dl_lookup_symbol_x
calls=2 790 
* 1847
* 2
+4 10
+10 14
+16 2
-8 2
+8 6
+4 6
fi=(5) /build/glibc-OTsEL5/glibc-2.27/elf/../sysdeps/x86_64/dl-machine.h
+96 2
fe=(105)
-92 6

fl=(50)
fn=(160) _dl_cache_libcmp
141 22
+1 24
+2 216
+20 106
+2 192
+4 43
+1 43
-29 86
+32 3
-28 2
+6 1
+2 1
-1 1
-1 2
+1 1
-1 1
+2 3
+2 3
-3 1
+3 1
+2 2
+9 30

fn=(154)
187 9
+8 2
+3 3
+45 1
+6 2
+11 1
-2 1
fi=(51) /build/glibc-OTsEL5/glibc-2.27/elf/../sysdeps/x86/dl-procinfo.h
39 1
fe=(50)
258 2
fi=(51)
39 3
+3 3
cfi=(21)
cfn=(56)
calls=1 144 
* 24
* 2
fe=(50)
264 4
cfi=(9)
cfn=(26)
calls=1 373 
* 18
* 1
fi=(26)
28 2
fe=(50)
264 1
fi=(26)
28 2
fe=(50)
266 2
fi=(26)
32 3
fe=(50)
270 2
+15 1
-15 1
+15 153
cfn=(160)
calls=10 141 
* 713
* 67
cfn=(160)
calls=1 141 
* 71
* 7
-84 4
cfi=(36)
cfn=(156)
calls=1 44 
* 107
+8 1
-8 1
+8 4
+1 7
+7 1
-3 1
+3 3
+3 1
+1 2
-1 1
+1 1
+1 8
+63 3
+16 2
+4 2
+8 3
cfi=(13)
cfn=(28)
calls=1 79 
* 34
* 2
+1 1
-1 4
+1 2
cfi=(20)
cfn=(48)
calls=1 129 
* 10
+1 2
cfi=(30)
cfn=(86)
calls=1 40 
* 80
+1 8
-19 2
-27 4
+1 3
-1 7
+15 16
fi=(51)
42 3
fe=(50)
297 3

fn=(284) _dl_unload_cache
326 4
-1 1
+3 2
cfi=(44)
cfn=(286)
calls=1 78 
* 5
+1 1
+2 2

fl=(30)
fn=(86)
40 12
+1 3
cfi=(13)
cfn=(28)
calls=3 +38 
* 84
* 3
+1 6
cfi=(19)
cfn=(46)
calls=3 +8 
* 54
* 3
+2 6
+4 3
-1 6
+1 6
-1 6
cfi=(20)
cfn=(48)
calls=3 +82 
* 38

fl=(104) /build/glibc-OTsEL5/glibc-2.27/elf/../sysdeps/x86_64/dl-trampoline.h
fn=(388) _dl_runtime_resolve_xsave
71 2
+3 2
+2 2
+10 2
+6 2
+1 2
+1 2
+1 2
+1 2
+1 2
+1 2
+4 2
+1 2
+3 2
+1 2
+2 2
+1 2
+1 2
+1 2
+1 2
+1 2
+2 2
+7 2
+1 2
+1 2
cfi=(105)
cfn=(390)
calls=2 -59 
* 2001
+1 2
+5 2
+1 2
+1 2
+2 2
+1 2
+1 2
+1 2
+1 2
+1 2
+1 2
+2 2
+2 2
+4 2
+3 2

fl=(20)
fn=(74)
116 26
+1 26
+1 26
+13 26
+1 26
+1 4
+1 4
+5 3
+1 3
+1 3
+1 3
+5 3
267 22
+1 22
+1 8
+1 8
+1 3
+1 3
+1 1
+4 1
+22 14
+1 14
+1 14
+1 14
+1 14
+3 5
+1 5
+1 5
+1 5
+1 5
+3 2
+1 2
+1 2
+1 2
+1 2
+10 1
+1 1
+1 1
+1 1
+22 1
+1 1
+1 1
+1 1
+1 1
+1 1
+1 1
+1 1
+2 1

fn=(48)
129 16
+2 16
+1 16
+1 8
+1 8
+5 5
+1 5
+1 5
+1 5
+5 5
267 8
+1 8
+1 1
+1 1
+1 1
+1 1
+1 1
+1 1
+1 1
+2 1
+22 7
+1 7
+1 7
+1 7
+1 7
+24 3
+1 3
+1 3
+1 3
+22 3
+1 3
+1 3
+1 3
+1 3
+1 3
+1 3
+1 3
+2 3

fl=(17)
fn=(38)
59 36
+1 3
-1 3
+1 6
cfi=(13)
cfn=(28)
calls=3 +19 
* 66
+6 3
-6 6
+6 3
+7 3
-7 3
-6 3
+6 9
+2 6
+5 9
cfi=(19)
cfn=(42)
calls=3 +19 
* 147
* 3
+3 3
-3 3
+3 3
+4 3
+5 3
-6 3
+6 3
-5 3
+5 3
-5 3
+4 3
+1 6
-1 3
+1 3
cfi=(20)
cfn=(48)
calls=3 +44 
* 41
+10 3
-10 3
+10 3
-10 3
+10 3
-8 3
+8 6
+1 3
-1 3
+1 9
+3 3
-3 3
+3 3
+9 3
-7 3
+4 3
+3 8
+2 2
-2 2
+2 30
-2 30
+18 6
-6 3
+1 3
+5 3
-6 3
+6 9
+2 2
+3 2
-3 4
+3 2
+4 6
+4 5
+8 1
+3 1
+3 2
-3 1
+3 1
-3 2
+3 4
-3 2
+3 2
+2 2
+21 2
-21 2
cfi=(13)
cfn=(28)
calls=2 -76 
* 68
+4 2
-4 4
+17 2
-13 6
+64 2
+4 27
100 8
+39 6
+70 6
cfi=(20)
cfn=(74)
calls=2 -93 
* 32
* 42
+6 40
-1 40
+1 42
-1 2
+1 6
+5 4
-96 1
+7 4
+32 4
cfi=(19)
cfn=(46)
calls=2 50 
* 36
* 2
+1 2
-1 4
+1 2

fn=(50)
31 6
+2 3
-2 9
+2 6
cfi=(2)
cfn=(52) rtld_lock_default_lock_recursive
calls=3 784 
* 6
+2 22
+3 15
+2 2
+2 2
+4 2
+4 2
-4 4
+1 2
+4 4
-4 2
+1 2
+3 2
-3 2
+2 2
cfi=(2)
cfn=(54) rtld_lock_default_unlock_recursive
calls=2 790 
* 4
-4 1
+4 1
-4 2
+1 1
+4 2
-4 1
+1 1
+3 1
-3 1
+2 1
cfi=(2)
cfn=(54)
calls=1 790 
* 2
-5 2

fl=(31)
fn=(92)
49 8
+5 6
+5 2
-1 1
+1 2
+1 2
-1 1
+5 1
-14 4
+4 8
+4 1
-1 1
+1 4

fn=(96) _dl_debug_state
74 2

fl=(1) ???
fn=(0) 0x0000000000001090
0 2
cfi=(2)
cfn=(2) _dl_start
calls=1 444 
0 124620
0 14
cfi=(78)
cfn=(290)
calls=1 79 
0 2179
0 3
cob=(5)
cfi=(88)
cfn=(326)
calls=1 0 
0 137439999

fl=(32)
fn=(278) _dl_add_to_slotinfo
887 4
+9 1
-3 2
+8 7
+41 1
+1 1
+1 4

fn=(176) _dl_determine_tlsoffset
141 1
-6 5
+6 2
+3 2
+36 3
+2 4
-2 1
-2 1
-40 1
-1 1
-1 2
+69 2
+3 2
-3 5
+2 2
+10 1
-37 2
+25 1
-25 2
+5 1
-1 1
+5 2
-4 1
-1 2
+3 2
+2 3
-9 5
+93 1
-53 1
+1 1
+52 1
-1 1
+1 4

fn=(162)
51 4
+48 1
+4 1

fn=(280) _dl_allocate_tls_init
437 8
+1 1
-1 1
+1 1
+4 1
+6 2
-6 1
+6 1
+12 1
-15 1
+39 1
-24 1
-16 2
+21 9
+6 15
+3 1
+1 2
+6 3
+3 1
-2 1
+6 1
-6 1
+2 1
+4 1
-4 2
+3 1
-3 1
+1 1
+2 1
+4 2
+1 4
+2 2
+1 2
+12 1
-3 1
+3 2
cfi=(20)
cfn=(74)
calls=1 116 
* 12
* 5
cfi=(28)
cfn=(76)
calls=1 109 
* 33
* 7
-42 2
+52 1
+4 3
+3 8

fn=(94) _dl_count_modids
113 2
+1 2

fn=(178) _dl_allocate_tls_storage
332 1
+2 1
-2 2
+13 1
+1 2
cfi=(19)
cfn=(46)
calls=1 50 
* 18
* 1
+1 3
+8 2
-69 1
+69 2
+1 1
+4 297
+19 1
-94 2
+1 2
cfi=(19)
cfn=(42)
calls=1 92 
* 27
* 1
+1 2
+3 1
+6 2
+89 5

fl=(116) /build/glibc-OTsEL5/glibc-2.27/elf/dl-fini.c
fn=(446) _dl_fini
30 8
+20 3
-3 6
+3 4
+3 2
cfi=(2)
cfn=(52)
calls=1 784 
* 2
+2 1
+3 2
+2 8
+8 1
-3 1
+8 1
-5 6
+7 8
+2 8
+2 8
+1 4
+1 4
+4 4
-12 12
+14 6
+1 4
+6 3
cfi=(52)
cfn=(164)
calls=1 -66 
* 253
+10 2
cfi=(2)
cfn=(54)
calls=1 790 
* 2
+5 6
+2 1
+2 3
-2 3
+2 9
+3 8
+3 12
+4 4
+11 2
+1 2
-1 2
+2 2
-2 2
+2 2
+1 14
+1 2
cob=(4)
cfi=(79)
cfn=(470) 0x0000000000000600
calls=1 0 
* 95
cob=(5)
cfi=(88)
cfn=(448)
calls=1 0 
* 95
* 2
-1 6
+5 4
+1 6
cob=(2)
cfi=(18)
cfn=(486) 0x0000000004a2a7a8
calls=1 0 
* 3
cob=(2)
cfi=(18)
cfn=(468) 0x0000000000108e64
calls=1 0 
* 3
+6 24
+16 8
-56 10
+62 6
+6 2
+7 8
-90 7
+26 6

fl=(37)
fn=(120)
39 11
fi=(38) /build/glibc-OTsEL5/glibc-2.27/io/../sysdeps/unix/sysv/linux/open64.c
-3 11
+3 66
+8 77
+2 3
-2 24
+2 8
fe=(37)

fl=(39)
fn=(124)
27 8
+1 2

fl=(49)
fn=(152)
34 8
-1 8
+1 8
+1 48
+4 1
-4 28

fl=(9)
fn=(16)
289 8
-9 3
150 4
-82 182
+6 59
-3 59
+3 5272
+4 118
+5 59
297 59
83 59
297 59
fi=(10) /build/glibc-OTsEL5/glibc-2.27/elf/dl-tunables.h
121 118
-1 60
+1 24
-1 8
+1 32
-1 40
fe=(9)
330 236
-12 6490
fi=(10)
120 2124
+1 2180
-1 72
fe=(9)
312 5251
68 118
364 8

fn=(26)
373 102
+4 17
-4 66
+9 3
+1 3
-6 14
+22 85
+2 17

fl=(15) /build/glibc-OTsEL5/glibc-2.27/elf/dl-environ.c
fn=(34) _dl_next_ld_env_entry
29 3
+3 10
+13 57
-13 171
+2 118
+1 20
+5 2
-3 2
+3 2
+2 2
+7 1

fl=(16) /build/glibc-OTsEL5/glibc-2.27/string/../sysdeps/x86_64/memcmp.S
fn=(36) bcmp
24 2
+1 2
+1 2
+1 2
+1 2
+1 2
+1 2
+1 2
+3 2
+1 2
+1 1
+1 1
+1 1
+1 1
+1 1
+1 1
+1 1
+2 2
+1 2
+1 1
+1 1
+1 1
+1 1
+1 1
+1 1
+1 1
+2 2
+1 2
+1 2
+1 2
+1 2
+1 2
+1 1
+1 1
+1 1
+2 1
+1 1
+1 1
+1 1
+1 1
+1 1
+29 2
+1 2
+15 2
+1 2

fl=(2)
fn=(32)
870 1
+17 1
-17 10
+17 1
+4 1
-21 1
2471 1
891 1
+1 1
2466 1
892 1
+5 1
2471 1
897 1
2464 2
+7 3
-4 1
+4 3
+2 2
cfi=(15)
cfn=(34)
calls=1 29 
* 72
* 4
cfi=(15)
cfn=(34)
calls=2 29 
* 316
* 9
+4 6
-2 2
+2 42
+1 19
-1 57
+3 4
+6 14
+76 3
+1 4
cfi=(16)
cfn=(36)
calls=1 24 
* 31
* 2
-56 2
+7 4
cfi=(16)
cfn=(36)
calls=1 24 
* 36
* 2
+2 3
2635 3
+32 3
907 3
1108 7
cfi=(17)
cfn=(38)
calls=1 59 
* 230
+2 1
-2 1
+2 1
+1 1
+1 1
+5 2
-5 1
+1 2
+4 1
cfi=(17)
cfn=(50)
calls=1 31 
* 33
+1 2
879 1
1147 1
-3 1
-5 1
+1 1
+2 1
+5 5
+56 2
876 1
1166 1
+22 1
+15 2
-55 24
-1 27
+1 47
1250 3
+3 2
+2 2
+2 3
+13 3
+3 2
-2 1
+2 1
-2 3
cfi=(21)
cfn=(56)
calls=1 144 
* 50
* 2
+7 1
+3 1
-5 1
+3 1
-3 1
+5 1
+1 2
+4 2
+2 2
fi=(3)
33 1
+9 2
+6 1
-2 1
+2 2
+15 1
+5 1
+3 1
+2 1
-3 1
-3 1
-3 1
-14 52
+13 24
+1 20
+10 5
-26 15
+16 20
+10 20
-26 60
+26 1
-26 3
+33 3
+20 3
+1 4
+1 4
+1 4
+2 4
+5 4
+1 4
+1 4
+6 3
+5 2
+7 2
+1 3
+18 3
+5 1
+2 1
-2 1
+2 1
+2 2
+2 2
+1 1
+2 3
+10 1
-8 3
+8 1
+5 2
+1 2
+2 2
fe=(2)
1293 2
cfi=(6)
cfn=(10)
calls=1 939 
* 23
+3 2
fi=(22) /build/glibc-OTsEL5/glibc-2.27/elf/setup-vdso.h
24 2
fe=(2)
1318 1
cfi=(11)
cfn=(62)
calls=1 45 
* 87
* 9
-6 5
1167 2
+9 1
-7 1
-3 1
+10 1
+18 2
-37 3
+1 1
-6 3
+1 1
fi=(3)
65 4
+3 4
fe=(2)
1203 2
-1 2
+1 4
-1 2
+2 4
+1 1
+3 2
+1 2
-1 2
+1 2
+1 2
+1 6
+1 2
+31 2
+1 2
+1 1
-6 2
+1 1
fi=(3)
71 4
+1 1
+1 3
fe=(2)
1323 2
cfi=(24)
cfn=(66)
calls=1 623 
* 1740
+3 3
cfi=(31)
cfn=(92)
calls=1 49 
* 17
+7 1
-7 1
+2 1
+5 1
+3 3
+1 1
+3 1
-3 3
+1 2
+3 1
+5 1
-7 1
+7 1
+1 5
+17 2
+1 2
+5 1
-3 3
+2 1
+1 2
+5 2
+1 5
-1 2
+3 2
+1 2
+5 2
+6 4
+1 1
-2 1
885 1
1391 1
1570 1
cfi=(32)
cfn=(94)
calls=1 113 
* 4
* 1
+8 3
+3 2
+4 3
+5 2
+1 1
cfi=(31)
cfn=(96)
calls=1 74 
* 1
+1 1
+4 2
+15 3
+4 1
-2 1
+2 2
+2 3
+1 1
-1 2
+1 1
cfn=(98) handle_ld_preload
calls=1 837 
* 2506
* 1
+1 4
+2 2
+10 3
cfi=(47)
cfn=(144)
calls=1 27 
* 8
* 2
+77 1
-96 1
+96 3
+17 3
+1 1
-1 1
+1 2
-1 1
+1 5
cfi=(48)
cfn=(146)
calls=1 159 
* 7291
+1 4
+5 1
-3 2
+3 2
+1 7
-1 2
+1 9
-1 6
+4 3
+1 3
+1 1
+2 2
+1 5
-1 4
+1 6
-1 6
+47 2
+2 2
-1 1
-1 2
+2 4
cfi=(34)
cfn=(166)
calls=1 226 
* 2796
+10 1
+1 1
-1 1
+1 1
+1 1
cfn=(174) init_tls
calls=1 687 
* 542
* 1
+2 2
799 1
fi=(120) /build/glibc-OTsEL5/glibc-2.27/elf/../sysdeps/unix/sysv/linux/dl-osinfo.h
64 2
fe=(2)
801 1
fi=(120)
77 1
fe=(2)
810 1
+7 1
-5 1
1808 2
2038 3
2161 3
+7 1
+2 3
+1 1
-1 2
+2 10
+2 4
-2 8
+2 4
+5 8
+2 8
+6 4
+2 8
+1 24
cfi=(54) /build/glibc-OTsEL5/glibc-2.27/elf/dl-reloc.c
cfn=(180) _dl_relocate_object
calls=3 148 
* 76696
+4 10
+1 2
cfi=(32)
cfn=(278)
calls=1 887 
* 20
* 1
-12 1
+1 1
-3 2
+29 4
+2 1
+7 3
cfi=(32)
cfn=(280)
calls=1 437 
* 149
+3 2
-25 4
+2 2
+6 1
-6 1
+6 1
+26 3
+2 4
+15 1
+2 1
-2 2
+3 1
-3 1
+3 1
-3 1
+3 3
cfi=(54)
cfn=(180)
calls=1 148 
* 6191
+1 4
+2 2
+8 1
cfi=(7)
cfn=(282)
calls=1 260 
* 1
+4 2
+20 3
cfi=(31)
cfn=(92)
calls=1 49 
* 8
+1 1
-1 1
+2 1
cfi=(31)
cfn=(96)
calls=1 74 
* 1
+1 1
+4 1
cfi=(50)
cfn=(284)
calls=1 326 
* 15
+5 8
2094 1
+13 1
-9 1
-4 1
+10 1
-6 1
+6 1
+3 1
1753 1
+1 1
-1 2
+1 1
+2 1
+2 3
+2 1
-4 1
+4 2
+14 4
+1 2
+1 3
-64 5
+1 1
-1 3
+4 3
+1 1
+1 2
+1 2
+32 2
2565 3

fn=(52)
784 5
+1 5

fn=(98)
837 8
+1 1
-1 1
-75 1
+86 1
-86 4
+80 2
+3 3
cfi=(33) /build/glibc-OTsEL5/glibc-2.27/string/../sysdeps/x86_64/strcspn.S
cfn=(100) strcspn
calls=1 30 
* 218
* 1
+1 3
+9 1
121 1
857 2
121 2
859 2
-97 5
-10 1
+4 1
+1 1
+1 1
+2 1
+2 1
cfi=(34)
cfn=(104)
calls=1 213 
* 2201
* 1
+1 3
+8 4
+71 2
+21 9
-15 4
cfi=(20)
cfn=(48)
calls=1 129 
* 18
+1 2

fn=(2)
444 9
+19 4
fi=(3)
48 1
fe=(2)
463 1
fi=(5)
59 3
fi=(3)
-11 1
fe=(2)
489 1
-3 1
fi=(3)
48 1
+25 2
-3 1
-7 1
+5 1
+3 1
+2 1
-6 1
+3 1
-3 2
-3 16
+10 4
-26 12
+16 13
+10 13
-26 39
+26 1
-26 3
+2 36
+13 20
+2 4
+16 2
+20 4
+1 4
+1 4
+1 4
+2 4
+5 4
+1 4
+1 4
+6 3
+5 2
+7 3
+1 3
+8 3
+3 3
+4 2
+1 2
fe=(2)
500 2
393 1
507 1
393 1
cfi=(6)
cfn=(10)
calls=1 939 
* 23
+1 2
+1 2
+1 2
+1 2
+8 1
+9 1
-9 3
+9 1
-6 1
-3 1
+9 1
cfi=(7)
cfn=(12)
calls=1 88 
* 123588
* 1
+9 4
+3 1
+4 1
-4 1
+4 1
532 9
-27 27
fi=(4) /build/glibc-OTsEL5/glibc-2.27/elf/do-rel.h
84 1
+27 1
-28 1
+28 2
+1 2
fi=(5)
540 2
fi=(4)
112 76
fi=(5)
540 76
+1 39
fi=(4)
111 39
fi=(5)
541 39
fi=(4)
111 39
fi=(5)
541 39
fi=(4)
111 39
+5 2
+8 1
fi=(5)
335 1
+87 1
fi=(4)
124 2
+12 1
+3 1
-3 1
+3 1
-3 1
fi=(5)
301 1
fi=(4)
137 1
fi=(5)
301 1
fi=(4)
137 1
fi=(5)
301 1
fi=(4)
136 8
+3 8
-3 8
+3 8
-3 8
fi=(5)
301 8
fi=(4)
137 8
fi=(5)
301 8
fi=(4)
137 8
fi=(5)
301 8
+9 27
+3 9
-3 18
+3 27
+22 54
fi=(3)
68 4
fi=(4)
+56 28
fi=(5)
354 27
fi=(3)
71 4
+1 1
+1 2
fe=(2)

fn=(168)
621 2
+2 4
cfi=(53) /build/glibc-OTsEL5/glibc-2.27/elf/dl-version.c
cfn=(170) _dl_check_all_versions
calls=1 362 
* 2771
* 2
+4 2

fn=(112)
588 1
+2 1
-2 1
+3 2
-1 3
+1 3
cfi=(24)
cfn=(114)
calls=1 2080 
* 2113
* 1
+2 2

fn=(174)
687 1
-6 1
+2 2
+4 1
+10 4
cfi=(19)
cfn=(42)
calls=1 92 
* 27
* 1
+11 1
-15 1
+3 1
+6 1
+2 1
-11 1
+15 1
+2 1
-1 1
+1 15
+2 8
+4 1
+2 1
-2 1
-5 8
+9 2
+3 1
cfi=(32)
cfn=(176)
calls=1 141 
* 66
+7 1
cfi=(32)
cfn=(178)
calls=1 332 
* 375
+1 1
-1 1
+1 1
+6 1
+3 1
-3 1
+3 6
+3 1
+2 1
+1 3

fn=(54)
790 5
+1 5

fl=(8)
fn=(24)
34 2
+4 4
+3 3
+4 1
-4 1
+4 1
-4 1
+3 1
+1 2
+1 4
+1 4
+1 3
+1 2
+7 2
+1 7
+7 3
+4 2
+2 4
+40 2
+4 4
+1 2
+3 1
+7 1
-8 1
+4 1
+2 1
-2 1
+4 2
+3 2
+50 3
74 2
+3 3
+3 1
-3 1
+3 1
+2 3
+2 2
+7 3
-5 3

fl=(53)
fn=(170)
362 5
+2 1
-2 3
+4 3
+2 24
cfn=(172) _dl_check_map_versions
calls=4 156 
* 2700
-2 4
+2 16
-2 8
+5 7

fn=(172)
156 28
+15 12
+2 20
+2 4
+1 4
+2 4
-3 4
+1 4
+2 4
+3 6
-16 2
-8 4
+28 2
-4 2
+4 4
+16 2
37 4
201 2
37 10
+1 5
-1 10
+2 21
cfi=(36)
cfn=(116)
calls=7 282 
* 817
* 14
209 6
+5 2
-71 6
+71 4
-71 6
+79 2
-2 2
-2 4
+4 2
-4 14
+4 2
-2 2
-2 4
+4 2
-4 24
57 6
+8 6
-8 6
+8 6
+6 12
+16 4
+1 8
+2 4
+5 24
+14 36
+12 42
+4 14
-30 28
225 16
+3 12
+5 2
-11 2
111 4
+3 16
cfi=(21)
cfn=(56)
calls=4 +30 
* 196
* 20
237 8
+14 6
+3 8
+3 12
+3 8
+4 2
-7 8
+3 6
+4 30
-7 120
+3 92
+8 9
+89 36
-83 12
cfi=(19)
cfn=(42)
calls=3 92 
* 81
* 3
+1 3
-2 3
+2 3
+13 3
+2 3
-5 3
+3 3
+2 3
-2 3
+2 3
+3 8
+4 6
+18 2
-15 6
+2 6
-2 6
+2 6
+2 4
+1 4
-1 8
+1 4
-1 4
+1 4
+1 4
-2 4
+2 8
+1 12
+3 12
+8 6
+10 9
+3 8
+4 32
+6 32
+1 32
+1 32
-1 96
+1 32
-1 32
+1 32
+1 32
+3 96
+4 32
-14 68
+10 6
-96 2
-86 2
-8 2
+94 3

fl=(52)
fn=(164)
28 16
+2 2
-2 2
+2 2
+92 10
-88 10
+1 4
-1 2
-1 2
+1 8
+1 2
cfi=(28)
cfn=(76)
calls=2 +74 
* 30
* 32
+4 4
+3 2
-3 4
+1 6
+2 2
-7 4
+4 8
+3 4
-3 8
+1 12
+2 4
+12 36
+2 12
+1 8
-1 6
+1 6
+2 18
+1 12
+58 24
cfi=(28)
cfn=(76)
calls=4 -9 
* 64
* 16
-28 24
-36 12
+61 28
-25 9
-44 12
+69 2
+7 16

fl=(106) /build/glibc-OTsEL5/glibc-2.27/elf/dl-open.c
fn=(394) _dl_find_dso_for_object
176 5
+4 6
+1 4
+1 12
+1 2
-2 6
+5 2
+4 7

fl=(33)
fn=(100)
30 1
+7 1
+1 1
+2 1
+1 1
+1 1
+1 1
+1 33
+3 2
+7 1
+1 1
+1 1
+1 1
+2 1
+1 1
+1 1
+1 1
+2 1
+1 1
+1 1
+9 3
+12 1
+2 1
+1 1
+1 1
-4 11
+2 11
+1 11
+1 11
+2 12
+1 12
+1 12
+2 12
+1 12
+1 12
+2 12
+1 12
+1 12
+2 1
+1 1
+1 1
+2 1
+7 1
+4 1

fl=(54)
fn=(180)
148 40
+15 4
-15 8
+15 4
+1 20
+6 12
+6 16
+1 8
-19 6
+22 6
+7 4
-32 4
+32 4
+44 4
fi=(5)
76 4
fe=(54)
231 8
fi=(5)
76 12
fe=(54)
258 146
-99 2
fi=(5)
481 6
fe=(54)
159 4
+99 2
fi=(4)
48 2
fe=(54)
258 2
fi=(4)
47 2
+11 2
-11 2
+11 2
-11 2
+11 2
fe=(54)
258 2
-99 2
fi=(5)
481 6
fe=(54)
159 4
+99 2
fi=(4)
48 2
fe=(54)
258 2
fi=(4)
47 2
+11 2
-11 2
+11 2
-11 2
+11 2
fe=(54)
258 4
fi=(4)
48 4
fe=(54)
258 4
fi=(4)
47 4
+11 4
-11 4
+11 4
-11 4
+11 4
+26 6
+14 12
-15 12
+3 24
+12 6
+10 8
+10 18
+6 5
-3 10
+3 5
fi=(5)
491 3
fi=(4)
51 3
fi=(5)
491 3
fi=(4)
50 6
+77 440
+12 220
-3 330
fi=(5)
276 110
fi=(4)
139 110
-2 110
-1 110
+1 110
+1 110
-1 220
fi=(5)
276 110
+21 220
+4 220
+7 440
fi=(55) /build/glibc-OTsEL5/glibc-2.27/elf/../sysdeps/generic/ldsodefs.h
102 279
fi=(5)
308 1762
fi=(4)
138 88
fi=(5)
308 176
fi=(4)
138 88
fi=(5)
308 88
fi=(4)
138 88
fi=(5)
308 176
fi=(4)
138 2
fi=(5)
308 4
fi=(4)
138 2
fi=(5)
308 2
fi=(4)
138 2
fi=(5)
308 1084
cfi=(6)
cfn=(188)
calls=90 790 
* 51659
* 540
+2 279
+25 660
fi=(4)
74 4
+1 7
+1 78
fi=(5)
551 39
+24 78
+2 39
cob=(3)
cfi=(77) /build/glibc-OTsEL5/glibc-2.27/time/../sysdeps/unix/sysv/linux/x86/gettimeofday.c
cfn=(274) gettimeofday
calls=1 42 
* 77
cob=(3)
cfi=(58) /build/glibc-OTsEL5/glibc-2.27/string/../sysdeps/x86_64/multiarch/ifunc-strcasecmp.h
cfn=(270) strncasecmp_l
calls=1 32 
* 6
cob=(3)
cfi=(60) /build/glibc-OTsEL5/glibc-2.27/string/../sysdeps/x86_64/multiarch/ifunc-avx2.h
cfn=(268) strchrnul
calls=1 32 
* 8
cob=(3)
cfi=(57) /build/glibc-OTsEL5/glibc-2.27/string/../sysdeps/x86_64/multiarch/ifunc-unaligned-ssse3.h
cfn=(266) stpcpy
calls=1 33 
* 9
cob=(3)
cfi=(57)
cfn=(264) stpncpy
calls=1 33 
* 9
cob=(3)
cfi=(70) /build/glibc-OTsEL5/glibc-2.27/string/../sysdeps/x86_64/multiarch/ifunc-sse4_2.h
cfn=(262) strspn
calls=1 30 
* 6
cob=(3)
cfi=(64) /build/glibc-OTsEL5/glibc-2.27/wcsmbs/../sysdeps/x86_64/multiarch/ifunc-avx2.h
cfn=(260) wcslen
calls=1 32 
* 8
cob=(3)
cfi=(60)
cfn=(258) memchr
calls=1 32 
* 8
cob=(3)
cfi=(58)
cfn=(254) strcasecmp_l
calls=1 32 
* 6
cob=(3)
cfi=(60)
cfn=(252) memrchr
calls=1 32 
* 8
cob=(3)
cfi=(60)
cfn=(250) strlen
calls=1 32 
* 8
cob=(3)
cfi=(74) /build/glibc-OTsEL5/glibc-2.27/string/../sysdeps/x86_64/multiarch/strchr.c
cfn=(248) index
calls=1 40 
* 8
cob=(3)
cfi=(70)
cfn=(246) strpbrk
calls=1 30 
* 6
cob=(3)
cfi=(73) /build/glibc-OTsEL5/glibc-2.27/wcsmbs/../sysdeps/x86_64/multiarch/ifunc-wmemset.h
cfn=(244) wmemset
calls=2 32 
* 26
cob=(3)
cfi=(72) /build/glibc-OTsEL5/glibc-2.27/wcsmbs/../sysdeps/x86_64/multiarch/wcsnlen.c
cfn=(242) wcsnlen
calls=1 40 
* 7
cob=(3)
cfi=(56) /build/glibc-OTsEL5/glibc-2.27/string/../sysdeps/x86_64/multiarch/ifunc-memmove.h
cfn=(240) memcpy@@GLIBC_2.14
calls=1 44 
* 16
cob=(3)
cfi=(57)
cfn=(238) strcpy
calls=1 33 
* 9
cob=(3)
cfi=(58)
cfn=(234) strncasecmp
calls=1 32 
* 6
cob=(3)
cfi=(70)
cfn=(232) strcspn
calls=1 30 
* 6
cob=(3)
cfi=(60)
cfn=(230) strnlen
calls=2 32 
* 16
cob=(3)
cfi=(64)
cfn=(228) wcschr
calls=2 32 
* 16
cob=(3)
cfi=(69) /build/glibc-OTsEL5/glibc-2.27/string/../sysdeps/x86_64/multiarch/ifunc-memset.h
cfn=(226) memset
calls=1 42 
* 18
cob=(3)
cfi=(68) /build/glibc-OTsEL5/glibc-2.27/string/../sysdeps/x86_64/multiarch/strcmp.c
cfn=(224) strcmp
calls=1 38 
* 9
cob=(3)
cfi=(67) /build/glibc-OTsEL5/glibc-2.27/string/../sysdeps/x86_64/multiarch/strncmp.c
cfn=(222) strncmp
calls=1 38 
* 8
cob=(3)
cfi=(65) /build/glibc-OTsEL5/glibc-2.27/string/../sysdeps/x86_64/multiarch/ifunc-memcmp.h
cfn=(218) bcmp
calls=1 33 
* 13
cob=(3)
cfi=(56)
cfn=(216) mempcpy
calls=1 44 
* 16
cob=(3)
cfi=(64)
cfn=(214) wmemchr
calls=2 32 
* 16
cob=(3)
cfi=(60)
cfn=(212) rawmemchr
calls=1 32 
* 8
cob=(3)
cfi=(61) /build/glibc-OTsEL5/glibc-2.27/time/../sysdeps/unix/sysv/linux/x86/time.c
cfn=(206) time
calls=1 43 
* 77
cob=(3)
cfi=(60)
cfn=(204) rindex
calls=1 32 
* 8
cob=(3)
cfi=(57)
cfn=(202) strcat
calls=1 33 
* 9
cob=(3)
cfi=(58)
cfn=(198) strcasecmp
calls=1 32 
* 6
cob=(3)
cfi=(57)
cfn=(196) strncpy
calls=1 33 
* 9
cob=(3)
cfi=(56)
cfn=(194) memmove
calls=2 44 
* 32
-26 39
+27 39
fi=(4)
75 121
fe=(54)
258 2
fi=(4)
75 14
fe=(54)
258 14
+3 16
+24 4
+3 8
+17 12
+8 20
+3 4
-3 4
+3 4
+4 8
+1 12
cfi=(44)
cfn=(136)
calls=4 78 
* 20
* 8
-14 32
fi=(5)
131 6
458 364
fi=(4)
124 330
+19 15
fi=(5)
430 51
+4 68
+5 17
+9 17
-9 34
+9 34
+49 6
+4 12
cfi=(20)
cfn=(48)
calls=2 129 
* 20
+2 6
+1 2
308 34
+5 17
-3 34
+3 140
-3 178
+3 267
+3 5
+3 2
+1 3
+1 2
+4 1
+7 1
cob=(3)
cfi=(57)
cfn=(202)
calls=1 33 
* 9
* 3
-24 42
fi=(4)
61 4
-10 2
-1 4
fi=(5)
551 16
+4 16
+2 24
+1 8
fi=(4)
61 141
+2 188
+2 119
+46 9
fi=(5)
541 1243
fi=(4)
111 1243
fi=(5)
541 1243
fi=(4)
111 1243
fi=(5)
541 1243
fi=(4)
111 1243
fi=(5)
535 1243
fi=(4)
112 2486
fi=(5)
535 2486
+5 2486
fi=(4)
50 1
160 1
51 1
160 4
+2 20
+9 10
-1 5
+1 5
-1 10
fi=(5)
276 5
fi=(4)
170 15
fi=(5)
276 5
+21 10
+4 10
+7 20
fi=(55)
102 15
fi=(5)
308 170
cfi=(6)
cfn=(188)
calls=5 790 
* 2413
* 35
+2 15
+25 30
fe=(54)
-77 10
fi=(5)
82 4
+4 6
+14 2
-8 2
+8 4
+20 4
+4 8
-2 4
458 20
fi=(4)
160 17
+14 2
fi=(5)
313 1
-3 2
+3 3
-5 87
fe=(54)
180 3
fi=(5)
308 6
fe=(54)

fl=(6)
fn=(188)
790 970
555 97
790 388
555 291
-1 194
+2 97
-1 97
+1 291
-1 291
+1 1252
-1 1252
+1 3756
-1 3853
793 97
-1 97
+4 97
+4 97
-8 97
+1 97
+7 370
+5 291
+6 291
-7 1067
+15 32
-8 48
+2 1261
cfn=(190) do_lookup_x
calls=97 338 
* 35742
+3 469
+25 194
+24 623
+31 89
+9 356
+14 267
+3 356
+5 89
+2 889
-86 48
+17 8
+1 16
+59 2

fn=(190)
338 679
+1 97
-1 582
+6 194
+12 97
+30 97
-41 97
+41 97
+35 194
-65 485
+14 900
+8 600
+1 900
+3 300
+1 600
+4 600
+3 600
-5 300
+5 900
+3 2100
-99 211
540 1484
+1 102
cfi=(36)
cfn=(116)
calls=34 282 
* 3382
* 136
+3 639
349 604
+3 604
+4 616
+4 600
+4 600
fi=(55)
102 267
fe=(6)
503 178
+3 668
-60 10
+64 33
+12 534
+2 89
+24 776
-1 16
397 282
-1 188
+2 188
+2 94
90 282
375 94
90 94
374 94
90 94
400 188
90 188
413 300
-10 945
+2 356
+2 178
-1 267
78 623
+12 445
+3 308
cfi=(21)
cfn=(56)
calls=26 +51 
* 1158
* 78
+5 89
-1 89
+1 89
+2 176
+19 88
+1 792
452 890
148 2
+2 5
+30 35
-59 440
cfi=(21)
cfn=(56)
calls=88 +23 
* 4195
* 440

fn=(10)
939 12
+4 4
+4 8
+2 4
-1 4
+3 12
+1 4
+1 4
+3 4
-3 4
+7 4
-4 4
-1 4
+3 4
+2 4
-7 4
+7 4
+1 4

fl=(28)
fn=(76)
109 65
+2 13
+1 13
+1 6
+1 6
+2 4
+1 4
+2 4
+55 2
+1 2
+10 2
+1 2
+1 2
+1 2
+1 2
+1 2
+1 2
+1 2
+1 2
+1 2
+1 2
+1 2
+1 2
+1 2
+2 31
+1 31
+1 31
+1 31
+1 31
+1 31
+1 31
+1 2
+15 7
+1 7
+1 7
+1 6
+1 6
+1 2
+1 2
+24 1
+1 1
+2 1
+3 4
+1 4
+2 4
+3 2
+1 2
+2 2

ob=(3)
fl=(97) /build/glibc-OTsEL5/glibc-2.27/libio/fileops.c
fn=(496) _IO_file_setbuf@@GLIBC_2.2.5
389 4
+1 2
cfi=(96) /build/glibc-OTsEL5/glibc-2.27/libio/genops.c
cfn=(498) _IO_default_setbuf
calls=2 +89 
* 136
* 4
+4 4
-1 4
+2 6
+2 2
+1 4

fn=(368) _IO_file_stat
1169 2
+1 6
cfi=(99) /build/glibc-OTsEL5/glibc-2.27/io/../sysdeps/unix/sysv/linux/wordsize-64/fxstat.c
cfn=(370) _fxstat
calls=2 34 
* 20

fn=(432) _IO_do_write@@GLIBC_2.2.5
433 483
-2 2576
+11 322
+7 644
fi=(112) /build/glibc-OTsEL5/glibc-2.27/libio/libioP.h
873 322
fe=(97)
457 644
cfn=(436) _IO_file_write@@GLIBC_2.2.5
calls=161 1196 
* 7245
* 161
+1 805
+6 161
-4 161
+4 161
-4 483
+1 322
+3 322
-2 161
-29 644
+1 1288
+29 483

fn=(430) _IO_file_overflow@@GLIBC_2.2.5
747 486
+7 162
-8 972
+8 645
+35 324
+3 322
+3 483
+1 483
+1 483
+5 644
-45 2
+12 2
+9 4
+8 1
-4 1
+3 2
-2 2
-3 1
+1 2
+5 1
-1 1
+1 3
+4 1
+1 1
+11 3
-12 1
cfn=(432)
calls=1 433 
* 108
+3 1600
cfn=(432)
calls=160 433 
* 17280
* 480
-34 2
cfi=(96)
cfn=(364) _IO_doallocbuf
calls=1 362 
* 310
+1 6

fn=(420) _IO_file_read
1153 1356
+3 2034
cfi=(110) /build/glibc-OTsEL5/glibc-2.27/io/../sysdeps/unix/sysv/linux/read.c
cfn=(422) read
calls=678 27 
* 6102

fn=(436)
1196 966
+2 966
+5 161
cfi=(113) /build/glibc-OTsEL5/glibc-2.27/io/../sysdeps/unix/sysv/linux/write.c
cfn=(438) write
calls=161 27 
* 1449
+1 322
+5 161
+1 161
-12 322
+5 805
+10 483
+3 1449

fn=(500) _IO_file_sync@@GLIBC_2.2.5
807 8
+5 8
+2 2
+1 4
+15 4
+4 8

fn=(362) _IO_file_underflow@@GLIBC_2.2.5
478 2034
+6 2034
-14 3390
+17 4068
+13 1356
+20 1356
cfi=(96)
cfn=(418) _IO_switch_to_get_mode
calls=678 164 
* 16272
+11 678
-5 678
fi=(112)
872 678
fe=(97)
526 1356
fi=(112)
872 678
fe=(97)
527 678
+2 678
fi=(112)
873 678
fe=(97)
528 1356
fi=(112)
873 678
fe=(97)
531 2712
cfn=(420)
calls=678 1153 
* 9492
+2 1356
+16 677
-9 677
+9 1354
+2 677
+1 1354
-1 677
+1 2709
-16 4
+10 1
-10 1
+10 2
+6 6
-62 3
+5 2
cfi=(96)
cfn=(364)
calls=1 362 
* 63456
* 2

fl=(89)
fn=(328)
137 8
+4 1
-4 2
+4 2
+98 1
-98 1
+98 1
+1 4
cfi=(90) /build/glibc-OTsEL5/glibc-2.27/stdlib/cxa_atexit.c
cfn=(330) __cxa_atexit
calls=1 65 
* 65
+22 4
+3 2
+1 5
cob=(5)
cfi=(88)
cfn=(334)
calls=1 0 
* 57
+4 4
+15 2
+12 2
cfi=(91) /build/glibc-OTsEL5/glibc-2.27/setjmp/../sysdeps/x86_64/bsd-_setjmp.S
cfn=(346) _setjmp
calls=1 30 
* 29
+1 2
+5 2
+1 2
+3 2
+3 6
cob=(5)
cfi=(94)
cfn=(352)
calls=1 27 
* 137438314
+34 2
cfi=(114) /build/glibc-OTsEL5/glibc-2.27/stdlib/exit.c
cfn=(440) exit
calls=1 139 
* 1468

fl=(95)
fn=(356)
34 2769320
+3 2769320
-3 2769320
+3 2769320
+1 16613886
+5 8306604
-5 678
cfi=(96)
cfn=(358) __uflow
calls=678 318 
* 165161

fl=(80)
fn=(302)
52 8
+3 3
+14 1
fi=(81) /build/glibc-OTsEL5/glibc-2.27/csu/../sysdeps/generic/dl-hash.h
-25 1
fe=(80)
+23 1
+1 1
fi=(81)
-23 1
fe=(80)
+24 1
fi=(82) /build/glibc-OTsEL5/glibc-2.27/csu/../sysdeps/unix/sysv/linux/x86_64/init-first.c
-33 4
fi=(81)
+7 1
+5 3
+14 4
-17 3
+3 9
+14 12
-17 9
+22 1
fi=(82)
-31 2
+2 2
-2 1
+2 2
cfi=(63) /build/glibc-OTsEL5/glibc-2.27/elf/../sysdeps/unix/sysv/linux/dl-vdso.c
cfn=(210) _dl_vdso_vsym
calls=1 -13 
* 17
+2 1
+4 1
-4 1
+4 1
-4 1
+1 2
+1 1
+2 1
cfi=(63)
cfn=(210)
calls=1 -19 
* 17
fe=(80)
+37 3
fi=(82)
-36 2
+1 1
fe=(80)
+35 1
cfi=(83) /build/glibc-OTsEL5/glibc-2.27/misc/init-misc.c
cfn=(308) __init_misc
calls=1 -50 
* 58
+3 1
cfi=(85) /build/glibc-OTsEL5/glibc-2.27/ctype/ctype-info.c
cfn=(314) __ctype_init
calls=1 -53 
* 16
+5 6
-27 1
-7 1
+7 4

fl=(118) /build/glibc-OTsEL5/glibc-2.27/nptl/unregister-atfork.c
fn=(458) __unregister_atfork
28 8
+8 2
-8 6
+11 4
+82 12

fl=(110)
fn=(422)
27 5424
+1 678

fl=(90)
fn=(330)
65 7
-26 2
+26 1
-26 5
+1 2
cfn=(332) __new_exitfn
calls=1 +44 
* 29
+2 2
+7 2
+3 1
-1 1
+2 1
+1 1
+1 4
+1 1
+11 6

fn=(332)
84 2
-6 2
+1 2
-1 1
+11 5
+2 3
-2 1
+10 2
-10 2
+45 1
+1 1
+4 4
-19 1
+1 2

fl=(111)
fn=(426)
28 658784
-3 1976352
+3 658784
+1 3952221
+5 1317246
-5 483
cfi=(96)
cfn=(428) __overflow
calls=161 217 
* 27426

fl=(58)
fn=(234)
32 5
fi=(71) /build/glibc-OTsEL5/glibc-2.27/string/../sysdeps/x86_64/multiarch/strncase.c
-1 1
fe=(58)

fn=(270)
32 5
fi=(76) /build/glibc-OTsEL5/glibc-2.27/string/../sysdeps/x86_64/multiarch/strncase_l.c
-1 1
fe=(58)

fn=(254)
32 5
fi=(75) /build/glibc-OTsEL5/glibc-2.27/string/../sysdeps/x86_64/multiarch/strcasecmp_l.c
-1 1
fe=(58)

fn=(198)
32 5
fi=(59) /build/glibc-OTsEL5/glibc-2.27/string/../sysdeps/x86_64/multiarch/strcasecmp.c
-1 1
fe=(58)

fl=(73)
fn=(244)
32 4
-2 2
+2 4
-2 4
+5 2
-1 8
fi=(121) /build/glibc-OTsEL5/glibc-2.27/wcsmbs/../sysdeps/x86_64/multiarch/wmemset.c
-3 2
fe=(73)

fl=(60)
fn=(204)
32 1
-2 1
+2 2
-2 3
fi=(122) /build/glibc-OTsEL5/glibc-2.27/string/../sysdeps/x86_64/multiarch/strrchr.c
-2 1
fe=(60)

fn=(258)
32 1
-2 1
+2 2
-2 3
fi=(123) /build/glibc-OTsEL5/glibc-2.27/string/../sysdeps/x86_64/multiarch/memchr.c
-1 1
fe=(60)

fn=(212)
32 1
-2 1
+2 2
-2 3
fi=(124) /build/glibc-OTsEL5/glibc-2.27/string/../sysdeps/x86_64/multiarch/rawmemchr.c
+1 1
fe=(60)

fn=(268)
32 1
-2 1
+2 2
-2 3
fi=(125) /build/glibc-OTsEL5/glibc-2.27/string/../sysdeps/x86_64/multiarch/strchrnul.c
+1 1
fe=(60)

fn=(250)
32 1
-2 1
+2 2
-2 3
fi=(126) /build/glibc-OTsEL5/glibc-2.27/string/../sysdeps/x86_64/multiarch/strlen.c
-1 1
fe=(60)

fn=(230)
32 2
-2 2
+2 4
-2 6
fi=(127) /build/glibc-OTsEL5/glibc-2.27/string/../sysdeps/x86_64/multiarch/strnlen.c
+1 2
fe=(60)

fn=(252)
32 1
-2 1
+2 2
-2 3
fi=(128) /build/glibc-OTsEL5/glibc-2.27/string/../sysdeps/x86_64/multiarch/memrchr.c
-1 1
fe=(60)

fl=(69)
fn=(226)
42 5
+4 2
-1 4
+12 2
+2 5

fl=(63)
fn=(210)
25 20
+1 8
+4 8
+18 24
-21 4
+20 4

fl=(99)
fn=(370)
34 2
-1 2
+1 2
+1 12
+4 2

fl=(108) /build/glibc-OTsEL5/glibc-2.27/misc/sbrk.c
fn=(412) sbrk
32 2
+8 2
-8 6
+8 9
+1 2
cfi=(109) /build/glibc-OTsEL5/glibc-2.27/misc/../sysdeps/unix/sysv/linux/x86_64/brk.c
cfn=(414) brk
calls=1 -10 
* 12
* 3
+3 4
+4 6
+12 5
-4 2
cfi=(109)
cfn=(414)
calls=1 -25 
* 12
* 2
+4 5

fl=(77)
fn=(274)
42 2
fi=(62) /build/glibc-OTsEL5/glibc-2.27/time/../sysdeps/generic/dl-hash.h
+2 1
+1 1
fe=(77)
-3 3
fi=(62)
+1 1
+5 3
+14 4
-17 3
+3 9
+14 12
-17 9
+22 1
fe=(77)
-25 6
cfi=(63)
cfn=(210)
calls=1 -17 
* 17
* 5

fl=(113)
fn=(438)
27 1288
+1 161

fl=(109)
fn=(414)
31 16
+8 2
-6 4
+7 2

fl=(93) /build/glibc-OTsEL5/glibc-2.27/setjmp/sigjmp.c
fn=(350) __sigjmp_save
29 1
-1 2
+1 2
+5 3

fl=(103) /build/glibc-OTsEL5/glibc-2.27/elf/dl-addr.c
fn=(380) _dl_addr
126 9
+2 1
-2 1
+5 1
-5 1
+5 2
cob=(1)
cfi=(2)
cfn=(52)
calls=1 784 
* 2
+2 2
cob=(1)
cfi=(104)
cfn=(388)
calls=1 -62 
* 1117
* 5
+2 3
30 1
+1 1
-1 1
+1 1
+3 2
+5 1
+6 1
-7 1
+2 3
+2 3
+3 1
+5 7
-6 2
+6 4043
+2 1010
+1 2020
-1 1
+1 2
+2 3664
+9 2052
+7 28
-2 28
+2 2353
-2 2297
+2 6003
-10 11625
+2 9300
+1 14806
+36 2
+1 1
+1 3
+3 2
+36 2
cob=(1)
cfi=(2)
cfn=(54)
calls=1 790 
* 2
+3 9
-27 1
+1 1
+20 2

fl=(115) /build/glibc-OTsEL5/glibc-2.27/stdlib/cxa_thread_atexit_impl.c
fn=(444) __call_tls_dtors
145 3
+1 4
+18 4

fl=(102) /build/glibc-OTsEL5/glibc-2.27/malloc/arena.c
fn=(378) ptmalloc_init.part.0
289 2
+5 1
-5 3
+13 2
+6 1
fi=(100) /build/glibc-OTsEL5/glibc-2.27/malloc/malloc.c
1816 2
fe=(102)
308 12
fi=(100)
1816 13
+1 1
-1 3
+1 11
-1 390
+1 30
-1 90
+1 331
fe=(102)
313 1
fi=(100)
1825 1
fe=(102)
313 4
fi=(100)
1817 7
+11 1
-11 4
+9 1
fe=(102)
313 1
fi=(100)
1828 1
fe=(102)
313 1
cob=(1)
cfi=(104)
cfn=(388)
calls=1 71 
* 1027
* 5
+1 4
cob=(1)
cfi=(9)
cfn=(26)
calls=1 +59 
* 18
* 1
+1 4
cob=(1)
cfi=(9)
cfn=(26)
calls=1 +58 
* 19
* 1
+1 4
cob=(1)
cfi=(9)
cfn=(26)
calls=1 +57 
* 18
* 1
+1 4
cob=(1)
cfi=(9)
cfn=(26)
calls=1 +56 
* 18
* 1
+1 4
cob=(1)
cfi=(9)
cfn=(26)
calls=1 +55 
* 19
* 1
+1 4
cob=(1)
cfi=(9)
cfn=(26)
calls=1 +54 
* 18
* 1
+1 4
cob=(1)
cfi=(9)
cfn=(26)
calls=1 +53 
* 18
* 1
+2 4
cob=(1)
cfi=(9)
cfn=(26)
calls=1 +51 
* 18
* 1
+1 4
cob=(1)
cfi=(9)
cfn=(26)
calls=1 +50 
* 18
* 1
+1 4
cob=(1)
cfi=(9)
cfn=(26)
calls=1 +49 
* 18
* 1
+71 2
+1 2
+4 2
-1 1
+1 4
-97 5
cfi=(103)
cfn=(380)
calls=1 126 
* 60426
* 2
+1 4

fl=(61)
fn=(206)
43 2
fi=(62)
+1 1
+1 1
fe=(61)
-2 4
fi=(62)
+5 3
+14 4
-17 3
+3 9
+14 12
-17 9
+22 1
fe=(61)
-24 6
cfi=(63)
cfn=(210)
calls=1 -18 
* 17
* 5

fl=(65)
fn=(218)
33 5
-1 2
+2 2
+1 3
fi=(66) /build/glibc-OTsEL5/glibc-2.27/string/../sysdeps/x86_64/multiarch/memcmp.c
-6 1
fe=(65)

fl=(56)
fn=(216)
44 5
+4 2
-1 2
+12 2
+2 5

fn=(240)
44 5
+4 2
-1 2
+12 2
+2 5

fn=(194)
44 10
+4 4
-1 4
+12 4
+2 10

fl=(64)
fn=(214)
32 2
-2 2
+2 4
-2 6
fi=(129) /build/glibc-OTsEL5/glibc-2.27/wcsmbs/../sysdeps/x86_64/multiarch/wmemchr.c
+1 2
fe=(64)

fn=(260)
32 1
-2 1
+2 2
-2 3
fi=(130) /build/glibc-OTsEL5/glibc-2.27/wcsmbs/../sysdeps/x86_64/multiarch/wcslen.c
-1 1
fe=(64)

fn=(228)
32 2
-2 2
+2 4
-2 6
fi=(131) /build/glibc-OTsEL5/glibc-2.27/wcsmbs/../sysdeps/x86_64/multiarch/wcschr.c
+1 2
fe=(64)

fl=(67)
fn=(222)
38 4
+1 3
+9 1

fl=(74)
fn=(248)
40 2
-2 1
+2 2
-2 2
+11 1

fl=(101) /build/glibc-OTsEL5/glibc-2.27/malloc/hooks.c
fn=(376) malloc_hook_ini
29 5
fi=(102)
291 1
fe=(101)
30 1
fi=(102)
291 1
fe=(101)
30 1
fi=(102)
291 1
fi=(100)
3039 7
+3 1
-2 2
+2 3
+13 4
+2 3
cfn=(406) _int_malloc
calls=1 3521 
* 154
+1 1
-1 1
+1 6
-19 4
-56 5
cfn=(404) tcache_init.part.4
calls=1 +3 
* 496
+62 3
fe=(101)
33 6
cfi=(102)
cfn=(378)
calls=1 289 
* 62626
* 1
fi=(100)
3034 2
fe=(101)

fl=(84) /build/glibc-OTsEL5/glibc-2.27/string/../sysdeps/x86_64/multiarch/strrchr-avx2.S
fn=(312) __strrchr_avx2
43 1
+1 1
+2 1
+1 1
+3 1
+1 1
+1 1
+33 1
+1 1
+1 1
+1 1
+1 1
+1 1
+1 1
+1 1
+1 1
+1 1
+3 1
+1 1
+9 1
+1 1
+99 1
+1 1
+8 1
+1 1
+1 1
+1 1
+1 1
+2 1
+1 1
+1 1
+1 1
+1 1

fl=(91)
fn=(346)
30 1
+2 1
cfi=(92) /build/glibc-OTsEL5/glibc-2.27/setjmp/../sysdeps/x86_64/setjmp.S
cfn=(348) __sigsetjmp
calls=1 -6 
* 27

fl=(72)
fn=(242)
40 1
-2 1
+2 2
-2 2
+11 1

fl=(70)
fn=(246)
30 5
fi=(132) /build/glibc-OTsEL5/glibc-2.27/string/../sysdeps/x86_64/multiarch/strpbrk.c
-1 1
fe=(70)

fn=(232)
30 5
fi=(133) /build/glibc-OTsEL5/glibc-2.27/string/../sysdeps/x86_64/multiarch/strcspn.c
-1 1
fe=(70)

fn=(262)
30 5
fi=(134) /build/glibc-OTsEL5/glibc-2.27/string/../sysdeps/x86_64/multiarch/strspn.c
-1 1
fe=(70)

fl=(92)
fn=(348)
26 1
+9 1
+1 2
+1 1
+4 1
+1 1
+1 1
+1 1
+1 1
+2 2
+2 1
+1 1
+1 1
+2 2
+2 1
+8 1
cfi=(93)
cfn=(350)
calls=1 -34 
* 8

fl=(114)
fn=(442) __run_exit_handlers
40 9
+5 1
-5 1
+5 2
+11 14
+3 2
+2 5
+16 2
+35 6
+2 2
-44 6
+2 1
+1 1
-1 1
+4 4
+1 6
+29 1
-3 1
+5 1
-2 2
+2 2
cob=(1)
cfi=(116)
cfn=(446)
calls=1 -78 
* 722
+1 1
+11 1
+1 1
-1 1
+1 1
+5 4
-73 1
+12 1
+1 4
+63 2
+1 11
cfi=(96)
cfn=(488) _IO_cleanup
calls=1 918 
* 620
* 3
+2 2
cfi=(119) /build/glibc-OTsEL5/glibc-2.27/posix/../sysdeps/unix/sysv/linux/_exit.c
cfn=(502) _Exit
calls=1 27 
* 5
-86 1
cfi=(115)
cfn=(444)
calls=1 +99 
* 11
* 1

fn=(440)
139 1
-1 1
+1 3
cfn=(442)
calls=1 -99 
* 1463

fl=(117) /build/glibc-OTsEL5/glibc-2.27/stdlib/cxa_finalize.c
fn=(456) __cxa_finalize
30 4
+3 2
-3 10
+3 2
-3 2
+3 10
+3 6
+4 14
-4 6
+58 10
+4 12
-4 6
+12 4
+1 4
cfi=(118)
cfn=(458)
calls=2 -79 
* 32
+2 8
+1 16

fl=(57)
fn=(266)
33 4
+3 4
fi=(135) /build/glibc-OTsEL5/glibc-2.27/string/../sysdeps/x86_64/multiarch/stpcpy.c
-3 1
fe=(57)

fn=(196)
33 4
+3 4
fi=(136) /build/glibc-OTsEL5/glibc-2.27/string/../sysdeps/x86_64/multiarch/strncpy.c
-7 1
fe=(57)

fn=(264)
33 4
+3 4
fi=(137) /build/glibc-OTsEL5/glibc-2.27/string/../sysdeps/x86_64/multiarch/stpncpy.c
-5 1
fe=(57)

fn=(202)
33 8
+3 8
fi=(138) /build/glibc-OTsEL5/glibc-2.27/string/../sysdeps/x86_64/multiarch/strcat.c
-7 2
fe=(57)

fn=(238)
33 4
+3 4
fi=(139) /build/glibc-OTsEL5/glibc-2.27/string/../sysdeps/x86_64/multiarch/strcpy.c
-7 1
fe=(57)

fl=(83)
fn=(308)
31 2
-1 3
+1 4
+2 3
cfi=(84)
cfn=(312)
calls=1 +10 
* 33
* 1
+4 5
+1 3
+2 4

fl=(107) /build/glibc-OTsEL5/glibc-2.27/malloc/morecore.c
fn=(410) __default_morecore
46 2
+1 2
cfi=(108)
cfn=(412)
calls=2 -15 
* 72
+2 6
+3 4

fl=(85)
fn=(314)
31 5
+2 1
+2 1
-4 1
+4 1
-4 1
+2 3
+2 2
+1 1

fl=(100)
fn=(404)
2986 1
-9 1
+9 9
+1 3
cfn=(406)
calls=1 3521 
* 389
+1 1
-1 1
+1 1
+8 4
+7 2
+2 1
+1 2
-1 1
+1 78
+3 2

fn=(408) sysmalloc
2274 8
+20 1
+11 1
-11 1
+11 1
+1 4
fi=(102)
535 1
fe=(100)
2321 2
fi=(102)
535 1
fe=(100)
2321 2
+66 1
+1 3
+10 1
-9 1
+9 3
+6 4
+3 3
2724 2
+1 1
+5 2
+3 2
+5 1
-3 1
+3 1
-2 1
+2 3
+1 1
-1 1
-1 1
+4 1
-3 2
+1 1
+2 1
+6 9
2460 3
+19 2
-11 1
+11 1
-11 1
+21 4
cfi=(107)
cfn=(410)
calls=1 46 
* 61
* 1
+1 1
+3 3
+3 4
+1 2
+46 2
+2 2
+6 1
-6 1
+6 1
-82 1
+10 2
+8 1
-8 1
+8 1
+67 4
+34 2
+6 3
+22 2
+1 5
+2 1
-2 1
+2 1
+1 4
cfi=(107)
cfn=(410)
calls=1 46 
* 25
+12 3
+48 1
+1 1
-2 1
+1 2
+12 1
-12 1
+1 1
+11 1
2544 2
-3 3
+99 2
+1 4

fn=(406)
3521 18
+32 3
-32 3
+32 27
+4 18
+24 6
4131 27
3639 8
+62 68
+1 6
+20 3
-1 6
+1 3
-1 3
+1 6
-2 10
+6 6
+66 2
-40 4
3879 2
3731 2
+1 2
+20 4
+40 4
-60 4
-12 1
+6 3
+66 1
-40 2
3879 1
3731 1
+1 1
+20 2
+40 2
-60 2
-90 3
+2 1
-2 1
+2 2
+59 20
-62 13
3904 6
+2 8
+3 2
-3 2
+3 4
+68 6
+1 6
+1 6
+1 6
+1 6
+5 6
3720 2
3893 6
+97 9
+3 4
-3 3
+3 4
-3 2
4090 3
+3 3
-2 6
+2 7
+17 3
1887 2
4103 2
1887 4
4125 3
cfn=(408)
calls=1 2274 
* 237
+1 1
-1 1
+1 1
1887 3
4095 2
+3 4
-3 2
+1 2
+2 6
+2 2
-2 4
-1 2
+1 4
+2 4

fn=(374) malloc
3028 6
+5 4
+1 4
+5 7
+3 1
-2 3
+2 3
+3 2
+10 4
+2 3
cfn=(406)
calls=1 3521 
* 154
+1 1
-1 1
+1 6
-19 4
+42 5
-46 1
+46 3
-46 1
cfi=(101)
cfn=(376)
calls=1 29 
* 63335

fl=(68)
fn=(224)
38 4
+3 4
+6 1

fl=(119)
fn=(502)
27 2
+4 1
+2 2

fl=(98) /build/glibc-OTsEL5/glibc-2.27/libio/filedoalloc.c
fn=(366) _IO_file_doallocate
78 16
+6 8
fi=(112)
870 6
+2 4
+1 4
fe=(98)
84 6
cfi=(97)
cfn=(368)
calls=2 1169 
* 28
* 4
+2 8
+11 8
+4 4
cob=(2)
cfi=(18)
cfn=(372) 0x0000000004c4d2c0
calls=2 0 
* 63550
* 2
+2 2
-1 4
+2 8
cfi=(96)
cfn=(416) _IO_setb
calls=2 347 
* 36
+1 2
+1 16

fl=(96)
fn=(416)
347 6
+1 8
+3 2
+2 8
-3 2
+3 4
+3 6

fn=(428)
217 322
+2 483
+1 1
+1 1
fi=(112)
870 3
+2 2
+1 2
fe=(96)
221 160
fi=(112)
870 480
+2 320
+1 320
fe=(96)
221 161
+1 322
-1 161
cfi=(97)
cfn=(430)
calls=161 747 
* 24688

fn=(364)
362 4
-1 6
+3 8
+4 8
-3 2
fi=(112)
870 6
+2 4
+1 4
fe=(96)
365 4
cfi=(98)
cfn=(366)
calls=2 78 
* 63716
* 4

fn=(360) _IO_default_uflow
379 1356
fi=(112)
870 1356
fe=(96)
379 1356
+1 678
fi=(112)
870 678
+2 1356
+1 1356
fe=(96)
380 1356
cfi=(97)
cfn=(362)
calls=678 +98 
* 123808
+1 1356
+2 2708
+1 2712

fn=(490) _IO_flush_all_lockp
749 11
+5 4
+1 11
+3 1
-8 1
+5 1
+3 1
-3 1
+3 1
fi=(112)
870 2
fe=(96)
762 1
fi=(112)
870 2
fe=(96)
769 1
fi=(112)
872 2
+1 2
fe=(96)
769 3
cfi=(97)
cfn=(430)
calls=1 -22 
* 130
+1 3
+2 6
-14 3
+16 3
-16 6
+3 3
-1 3
+1 3
+3 21
+14 9
+1 3
+4 12
-29 4

fn=(488)
918 2
+3 1
-3 8
+3 1
cfn=(490)
calls=1 749 
* 254
-72 1
+72 1
-72 2
+1 11
+3 1
-3 1
+3 1
-3 1
+3 1
fi=(112)
+17 2
fe=(96)
-7 1
fi=(112)
+7 2
fe=(96)
+23 3
-40 9
+2 9
+2 6
+6 24
+8 4
+9 2
fi=(112)
-8 4
+1 4
fe=(96)
+7 8
cfi=(97)
cfn=(496)
calls=2 389 
* 166
+2 6
+4 10
+1 17
+10 9
+1 2
+35 12
-62 6
+2 4
+2 2
+1 2
-1 2
+2 6
-28 4
+14 8

fn=(418)
164 2712
+1 2034
+3 2034
+5 678
-1 1356
+1 678
+7 678
-4 678
+2 1356
+2 678
+1 678
+1 2712

fn=(498)
479 4
fi=(112)
870 2
fe=(96)
479 6
fi=(112)
870 2
fe=(96)
479 6
+1 2
fi=(112)
870 2
+2 4
+1 4
fe=(96)
480 4
cfi=(97)
cfn=(500)
calls=2 807 
* 34
* 6
+2 4
+7 2
-7 2
+10 4
+2 2
-2 2
+1 6
+2 12
-11 2
348 2
485 2
-1 2
+1 2
348 6
+7 2
-5 2
+1 2
+4 4

fn=(358)
318 2035
-1 4
+6 3
-6 2708
+6 3387
+3 1356
+2 1356
+6 1356
+7 678
fi=(112)
870 2034
+2 1356
+1 1356
fe=(96)
341 678
+1 678
-1 678
+1 1356
-1 678
cfn=(360)
calls=678 +38 
* 140076
-23 1354
+21 2034

fl=(86)
fn=(316)
488 7
+14 6
758 2
+2 1
+1 1
+2 1
-3 1
+5 1
-5 1
+4 3
+4 2
+3 2
+2 1
+1 1
+2 1
-3 1
+5 1
-5 1
+4 3
+9 1
+2 8
-2 1
+3 8
500 1
+4 1
-4 1
+4 1
cfn=(318) handle_intel.constprop.1
calls=1 259 
* 469
+2 1
-2 1
+2 1
cfn=(318)
calls=1 259 
* 515
+5 1
-5 1
+5 1
cfn=(318)
calls=1 259 
* 542
+8 1
-8 1
+8 1
+11 1
-20 1
+25 3
+4 2
+8 6
+3 2
+9 6
+14 2
+4 1
+3 1
+1 1
-4 1
+3 1
-3 1
+3 1
+6 8
-39 3
+3 9
+6 6
-6 3
+6 2
+3 20
+5 2
+4 1
+1 1
-1 3
691 4
+1 5
+4 2
+59 2
592 2
+8 1
+2 1
-2 6
+2 4
-2 1
+4 1
+23 2
-25 2
+2 6
+2 6
+3 2
+1 8
+2 4
+3 2
+5 1
+2 2
+1 1
-1 1
+2 1
-2 1
+1 2
+27 2
+1 1
+1 2
+2 1
-1 1
+1 1
-24 3
+4 2
+3 1
+2 4
+1 1
+5 2

fn=(320) intel_check_word.isra.0
132 12
+6 6
-10 18
+10 6
-10 6
+10 6
-10 6
+10 12
-10 6
+10 6
+2 6
-2 6
+2 18
250 12
140 24
+2 15
+2 30
+8 30
+51 24
+22 12
fi=(87) /build/glibc-OTsEL5/glibc-2.27/string/../bits/stdlib-bsearch.h
28 12
-1 24
+4 24
+1 12
fe=(86)
+87 24
fi=(87)
-88 138
+1 69
fe=(86)
+87 138
+3 81
fi=(87)
-93 252
+8 15
-8 36
fe=(86)
134 3
255 36
-91 9
+3 9
-6 13
+3 4
+9 4
+5 14
+1 10
+17 5
-32 15
+3 15
+4 14
+2 28
+2 14
+2 8
+4 3
+2 6
+2 3
+2 3
-2 3
+2 6
-2 3
+3 9
-2 12
+2 6
-24 2
+7 2
+2 4

fn=(318)
259 21
+2 3
-2 9
+5 9
+8 3
+1 3
-3 3
+5 12
+6 6
+5 3
-5 9
+5 3
+2 3
+1 3
-1 3
+5 18
cfn=(320)
calls=3 132 
* 1035
+2 6
+3 21
cfn=(320)
calls=3 132 
* 314
+2 6
+19 33

ob=(4)
fl=(79)
fn=(296)
0 17

fn=(470)
0 8
cob=(2)
cfi=(18)
cfn=(476) 0x0000000004a2a560
calls=1 0 
0 75
0 1
cfn=(480) 0x0000000000000570
calls=1 0 
0 8
0 3

fn=(480)
0 8

ob=(2)
fl=(18)
fn=(468)
0 3

fn=(292)
0 6

fn=(372)
0 2
cob=(3)
cfi=(100)
cfn=(374)
calls=2 3028 
0 63548

fn=(88)
0 1
cob=(1)
cfi=(19)
cfn=(90)
calls=1 111 
0 4

fn=(336)
0 6

fn=(476)
0 1
cob=(3)
cfi=(117)
cfn=(456)
calls=1 30 
0 74

fn=(486)
0 3

fn=(454)
0 1
cob=(3)
cfi=(117)
cfn=(456)
calls=1 30 
0 74

totals: 137566817
