# callgrind format
version: 1
creator: callgrind-3.13.0
pid: 13196
cmd:  cmake-build-debug/hufe0
part: 1


desc: I1 cache: 
desc: D1 cache: 
desc: LL cache: 

desc: Timerange: Basic block 0 - 104621169
desc: Trigger: Program termination

positions: line
events: Ir
summary: 515781825


ob=(4) /usr/lib/valgrind/vgpreload_core-amd64-linux.so
fl=(79) ???
fn=(538) 0x0000000000000600
0 8
cob=(2) ???
cfi=(18) ???
cfn=(544) 0x0000000004a2a560
calls=1 0 
0 75
0 1
cfn=(548) 0x0000000000000570
calls=1 0 
0 8
0 3

fn=(548)
0 8

fn=(296) 0x0000000000000640
0 17

ob=(1) /lib/x86_64-linux-gnu/ld-2.27.so
fl=(12) /build/glibc-OTsEL5/glibc-2.27/elf/../sysdeps/unix/sysv/linux/x86_64/brk.c
fn=(22) brk
31 7
+8 1
-6 2
+7 1

fl=(24) /build/glibc-OTsEL5/glibc-2.27/elf/dl-load.c
fn=(66) _dl_init_paths
623 1
+13 2
-13 8
+13 3
cfi=(25) /build/glibc-OTsEL5/glibc-2.27/elf/dl-hwcaps.c
cfn=(68) _dl_important_hwcaps
calls=1 42 
* 711
+5 1
-5 1
+5 1
cfi=(19) /build/glibc-OTsEL5/glibc-2.27/elf/dl-minimal.c
cfn=(46) malloc
calls=1 50 
* 18
* 1
+1 1
-2 1
+2 2
+8 1
-1 1
+1 4
-1 3
+4 4
cfi=(19)
cfn=(46)
calls=1 50 
* 18
* 1
+2 1
-2 2
+2 1
+7 1
+10 1
-11 1
+12 1
+3 1
+1 1
-5 1
+3 1
+1 1
-1 1
+9 1
-20 1
+17 1
+3 1
-3 17
cfi=(28) /build/glibc-OTsEL5/glibc-2.27/string/../sysdeps/x86_64/multiarch/memset-vec-unaligned-erms.S
cfn=(76) memset
calls=4 109 
* 48
+3 27
-12 3
-2 3
+10 3
-7 3
-1 3
+4 3
-1 3
+1 3
+1 3
+3 3
+1 3
-4 3
+4 3
+14 1
-11 1
+6 1
+1 1
+5 2
+2 4
+2 3
+38 5
-19 1
-2 2
+2 2
+21 3
cfi=(13) /build/glibc-OTsEL5/glibc-2.27/string/../sysdeps/x86_64/multiarch/../strlen.S
cfn=(28) strlen
calls=1 79 
* 16
* 8
cfi=(20) /build/glibc-OTsEL5/glibc-2.27/string/../sysdeps/x86_64/multiarch/memmove-vec-unaligned-erms.S
cfn=(48) memcpy
calls=1 129 
* 10
* 1
+5 4
-1 2
+2 56
-1 57
+5 1
cfi=(19)
cfn=(46)
calls=1 50 
* 18
* 1
+1 1
-2 1
+2 1
+6 7
cfn=(78) fillin_rpath
calls=1 389 
* 584
+3 3
+6 1
+4 8
-37 2

fn=(78)
389 7
+2 1
-2 9
+4 3
cfi=(19)
cfn=(80) strsep
calls=1 265 
* 238
* 3
cfi=(19)
cfn=(80)
calls=1 265 
* 6
* 6
+7 2
+2 3
cfn=(82) expand_dynamic_string_token
calls=1 -82 
* 104
+4 1
-4 1
+4 1
+5 2
cfi=(13)
cfn=(28)
calls=1 79 
* 16
+1 2
+7 6
+9 17
+1 8
+57 2
cob=(2)
cfi=(18)
cfn=(88) 0x0000000004000f00
calls=1 0 
* 5
* 1
-39 2
+4 7
-1 1
cfi=(19)
cfn=(46)
calls=1 50 
* 18
* 1
+3 3
+5 1
+1 2
-2 2
+2 1
cfi=(20)
cfn=(74) mempcpy
calls=1 116 
* 12
+3 1
-2 1
-1 1
+1 1
+2 1
+6 4
+1 17
+1 1
-1 3
+1 1
-1 14
+1 8
-1 1
+1 1
-1 3
+1 1
-1 2
+4 1
-1 1
+1 1
-1 1
+1 1
+8 1
-1 1
+4 3
-37 2
-28 1
+5 4
+66 1
+3 9
-15 2

fn=(82)
320 12
+10 4
-10 2
+10 2
cfi=(29) /build/glibc-OTsEL5/glibc-2.27/string/../sysdeps/x86_64/multiarch/../strchr.S
cfn=(84) index
calls=2 24 
* 70
* 4
+15 2
-11 2
+11 8
-11 2
cfi=(30) /build/glibc-OTsEL5/glibc-2.27/string/strdup.c
cfn=(86) strdup
calls=2 40 
* 150

fn=(150) open_path
1932 8
+1 1
+6 1
-6 1
+6 1
+5 11
-7 1
-1 1
+8 7
+3 3
+9 4
+7 3
+1 1
-13 3
+12 1
cfi=(20)
cfn=(74)
calls=1 116 
* 12
* 1
+55 2
-22 6
-32 2
+32 24
-32 16
+3 16
+4 48
cfi=(20)
cfn=(74)
calls=8 116 
* 101
* 32
cfi=(20)
cfn=(74)
calls=8 116 
* 96
+3 16
+3 24
+3 72
cfn=(118) open_verify.constprop.7
calls=8 1598 
* 440
* 8
+2 40
+2 16
+89 9
-24 7
+7 1
-2 1
+2 3
+3 3
-13 2
-57 16
+1 64
+6 16
+2 16
-2 16
+2 16
cfi=(49) /build/glibc-OTsEL5/glibc-2.27/io/../sysdeps/unix/sysv/linux/wordsize-64/xstat.c
cfn=(152) _xstat
calls=8 34 
* 101
* 8
+3 8
-3 8
+1 1
+2 1
-2 1
+2 7
-37 2
+37 7
-37 14

fn=(118)
1598 110
+39 10
-39 30
+39 38
+31 40
cfi=(37) /build/glibc-OTsEL5/glibc-2.27/io/../sysdeps/unix/sysv/linux/wordsize-64/lxstat.c
cfn=(120) open
calls=10 39 
* 184
+2 10
-2 10
+2 12
+10 2
+1 4
+5 12
cfi=(39) /build/glibc-OTsEL5/glibc-2.27/io/../sysdeps/unix/sysv/linux/read.c
cfn=(124) read
calls=2 27 
* 10
+2 4
+2 2
+2 2
-2 2
+2 2
+6 4
+16 32
+74 4
+5 4
+2 8
+6 4
+11 4
+6 2
+1 2
+1 2
-2 6
+1 6
+21 82
+2 38
+13 6
+3 8
+1 2
+12 12
-3 18
+15 2
+3 1
+1 3
+1 1
-1 1
-1 1
+3 3
+1 3
1650 8
1918 90
1714 2
1871 12
+3 2
-4 2
+4 4
+5 1
+1 2
-55 2

fn=(114) _dl_map_object
2080 21
+8 3
-8 6
+8 3
+1 12
+3 42
+5 49
+2 21
cfi=(36) /build/glibc-OTsEL5/glibc-2.27/elf/dl-misc.c
cfn=(116) _dl_name_match_p
calls=7 282 
* 789
* 14
+4 12
+1 18
+3 2
+1 2
+1 2
-1 2
+1 2
cfi=(21) /build/glibc-OTsEL5/glibc-2.27/string/../sysdeps/x86_64/strcmp.S
cfn=(56) strcmp
calls=2 144 
* 48
* 4
2391 27
2125 6
+10 6
-53 2
+89 4
-2 2
+2 2
cfi=(29)
cfn=(84)
calls=2 24 
* 46
* 4
2322 5
cfn=(82)
calls=1 320 
* 154
* 1
-2 1
+3 5
+4 9
cfn=(118)
calls=1 1598 
* 208
+3 2
-3 1
+3 3
+12 3
+46 1
+1 3
-1 1
+1 9
cfn=(126) _dl_map_object_from_fd
calls=1 808 
* 1347
-1 1
+1 3
-1 1
+1 9
cfn=(126)
calls=1 808 
* 1694
* 6
2171 1
+4 2
cfi=(13)
cfn=(28)
calls=1 79 
* 16
* 1
+2 1
-2 1
+2 1
+7 4
+36 12
cfn=(150)
calls=1 1932 
* 1347
+6 2
-6 1
+6 3
601 3
2314 2
+28 4
+2 2
-95 1
-14 1
+14 1
+2 3
+4 2
cfi=(50) /build/glibc-OTsEL5/glibc-2.27/elf/dl-cache.c
cfn=(154) _dl_load_cache_lookup
calls=1 187 
* 1421
+2 1
-2 1
+2 1
+4 2
+8 3
+23 10
cfn=(118)
calls=1 1598 
* 220
+4 2
-4 1
+4 3
+1 2
-88 7
601 3
2219 2
+1 2
-32 1
+1 2
-1 3
+8 7
-3 3
601 3
+9 3
2208 3

fn=(126)
808 22
+10 2
-10 2
+10 2
-10 6
+10 2
cfi=(31) /build/glibc-OTsEL5/glibc-2.27/elf/dl-debug.c
cfn=(92) _dl_debug_initialize
calls=2 49 
* 16
fi=(40) /build/glibc-OTsEL5/glibc-2.27/elf/../sysdeps/posix/dl-fileid.h
37 6
fe=(24)
818 2
fi=(40)
37 2
cfi=(41) /build/glibc-OTsEL5/glibc-2.27/io/../sysdeps/unix/sysv/linux/wordsize-64/fxstat.c
cfn=(130) _fxstat
calls=2 -3 
* 20
* 4
+4 2
fe=(24)
834 2
fi=(40)
40 2
+1 2
fe=(24)
834 27
+1 10
fi=(40)
49 13
fe=(24)
1346 18
852 4
+24 8
+10 4
+22 8
+32 4
819 2
943 14
cfi=(17) /build/glibc-OTsEL5/glibc-2.27/elf/dl-object.c
cfn=(38) _dl_new_object
calls=2 59 
* 758
+1 2
-1 2
+1 2
+11 4
+5 2
-5 2
+1 2
+5 2
-5 2
+1 2
+2 2
-2 2
+2 4
+1 6
+20 2
-2 2
+10 2
-8 12
+8 2
-8 6
+8 2
+97 2
982 2
-6 2
1085 2
981 2
-5 4
1085 6
-96 32
-1 102
+1 95
+6 4
+5 4
+1 8
+11 20
+5 32
+9 12
-1 12
+1 4
+1 8
+2 4
-2 4
+1 4
-1 4
+3 4
+4 4
-7 4
+3 4
-1 4
+5 4
+1 8
+5 4
-1 2
-14 2
+14 2
+1 12
+10 2
-10 4
-1 2
-14 2
+14 2
+1 12
+10 2
-44 2
+1 1
+46 3
+4 1
+1 1
+2 1
-1 1
-1 2
+1 1
+3 3
+1 1
+3 1
-3 1
+7 4
+6 1
cfi=(32) /build/glibc-OTsEL5/glibc-2.27/elf/../elf/dl-tls.c
cfn=(162) _dl_next_tls_modid
calls=1 51 
* 6
* 2
+1 1
+19 4
+1 4
+1 2
-6 4
+1 2
+8 8
956 2
1110 2
956 2
1110 2
+10 6
fi=(43) /build/glibc-OTsEL5/glibc-2.27/elf/./dl-map-segments.h
50 2
+6 2
fe=(24)
1120 8
fi=(43)
56 6
fe=(24)
1120 2
fi=(43)
50 2
fe=(24)
1120 4
fi=(43)
56 4
cfi=(42) /build/glibc-OTsEL5/glibc-2.27/misc/../sysdeps/unix/sysv/linux/mmap64.c
cfn=(132) mmap
calls=2 -12 
* 74
+4 2
-4 2
+4 4
+3 4
+1 2
+2 2
-2 2
-1 2
+3 2
+14 4
fi=(45) /build/glibc-OTsEL5/glibc-2.27/elf/./dl-load.h
+10 8
+1 6
+2 8
fi=(43)
+11 16
+45 4
-59 20
+2 12
+2 16
cfi=(42)
cfn=(132)
calls=2 -50 
* 66
* 4
+16 2
+2 2
-2 2
+1 2
+2 2
-1 2
+1 2
-1 6
+8 4
+3 4
+8 14
cfi=(28)
cfn=(76)
calls=2 -22 
* 249
* 4
+6 4
+4 8
cfi=(42)
cfn=(132)
calls=1 -97 
* 33
+3 2
-71 20
cfi=(44) /build/glibc-OTsEL5/glibc-2.27/misc/../sysdeps/unix/syscall-template.S
cfn=(136) mprotect
calls=2 +5 
* 10
* 4
fi=(45)
+21 5
+2 1
-1 3
+1 1
-1 1
+1 2
-1 2
+3 4
fe=(24)
1132 8
+9 4
fi=(3) /build/glibc-OTsEL5/glibc-2.27/elf/get-dynamic-info.h
42 2
fe=(24)
1141 2
fi=(3)
42 2
+6 2
-2 2
+2 4
+15 2
+5 2
+3 2
-1 2
-3 2
-3 36
+10 8
-26 24
+16 35
+10 35
-26 105
+26 2
-26 6
+2 90
+13 40
+2 8
+16 4
+20 7
+1 8
+1 8
+1 8
+2 8
+5 8
+1 7
+1 8
+6 6
+5 4
+7 4
+1 6
+18 6
+5 1
+2 1
-2 1
+2 1
+2 2
+2 2
+3 6
+10 1
-8 4
+8 1
+5 2
+3 4
fe=(24)
1148 4
+15 6
+19 4
+2 10
+54 6
+1 2
+3 2
cfi=(46) /build/glibc-OTsEL5/glibc-2.27/io/../sysdeps/unix/sysv/linux/close.c
cfn=(142) close
calls=1 27 
* 5
* 2
cfi=(46)
cfn=(142)
calls=1 27 
* 5
* 4
+9 4
+2 6
+2 2
-2 2
+2 2
+16 4
cfi=(6) /build/glibc-OTsEL5/glibc-2.27/elf/dl-lookup.c
cfn=(10) _dl_setup_hash
calls=2 939 
* 46
+4 4
+1 4
+17 4
+1 1
+8 1
-5 3
+5 2
-5 3
+5 1
+10 4
+10 6
cfi=(17)
cfn=(50) _dl_add_to_namespace_list
calls=2 31 
* 82
+4 6
fi=(3)
68 8
+3 8
+1 2
+1 8
fe=(24)
369 2

fl=(30)
fn=(86)
40 12
+1 3
cfi=(13)
cfn=(28)
calls=3 +38 
* 84
* 3
+1 6
cfi=(19)
cfn=(46)
calls=3 +8 
* 54
* 3
+2 6
+4 3
-1 6
+1 6
-1 6
cfi=(20)
cfn=(48)
calls=3 +82 
* 38

fl=(20)
fn=(74)
116 26
+1 26
+1 26
+13 26
+1 26
+1 4
+1 4
+5 3
+1 3
+1 3
+1 3
+5 3
267 22
+1 22
+1 8
+1 8
+1 3
+1 3
+1 1
+4 1
+22 14
+1 14
+1 14
+1 14
+1 14
+3 5
+1 5
+1 5
+1 5
+1 5
+3 2
+1 2
+1 2
+1 2
+1 2
+10 1
+1 1
+1 1
+1 1
+22 1
+1 1
+1 1
+1 1
+1 1
+1 1
+1 1
+1 1
+2 1

fn=(48)
129 15
+2 15
+1 15
+1 8
+1 8
+5 5
+1 5
+1 5
+1 5
+5 5
267 7
+1 7
+1 1
+1 1
+1 1
+1 1
+1 1
+1 1
+1 1
+2 1
+22 6
+1 6
+1 6
+1 6
+1 6
+24 3
+1 3
+1 3
+1 3
+22 3
+1 3
+1 3
+1 3
+1 3
+1 3
+1 3
+1 3
+2 3

fl=(52) /build/glibc-OTsEL5/glibc-2.27/elf/dl-sort-maps.c
fn=(164) _dl_sort_maps
28 16
+2 2
-2 2
+2 2
+92 10
-88 10
+1 4
-1 2
-1 2
+1 8
+1 2
cfi=(28)
cfn=(76)
calls=2 +74 
* 30
* 32
+4 4
+3 2
-3 4
+1 6
+2 2
-7 4
+4 8
+3 4
-3 8
+1 12
+2 4
+12 36
+2 12
+1 8
-1 6
+1 6
+2 18
+1 12
+58 24
cfi=(28)
cfn=(76)
calls=4 -9 
* 64
* 16
-28 24
-36 12
+61 28
-25 9
-44 12
+69 2
+7 16

fl=(17)
fn=(38)
59 36
+1 3
-1 3
+1 6
cfi=(13)
cfn=(28)
calls=3 +19 
* 66
+6 3
-6 6
+6 3
+7 3
-7 3
-6 3
+6 9
+2 6
+5 9
cfi=(19)
cfn=(42) calloc
calls=3 +19 
* 147
* 3
+3 3
-3 3
+3 3
+4 3
+5 3
-6 3
+6 3
-5 3
+5 3
-5 3
+4 3
+1 6
-1 3
+1 3
cfi=(20)
cfn=(48)
calls=3 +44 
* 41
+10 3
-10 3
+10 3
-10 3
+10 3
-8 3
+8 6
+1 3
-1 3
+1 9
+3 3
-3 3
+3 3
+9 3
-7 3
+4 3
+3 8
+2 2
-2 2
+2 30
-2 30
+18 6
-6 3
+1 3
+5 3
-6 3
+6 9
+2 2
+3 2
-3 4
+3 2
+4 6
+4 5
+8 1
+3 1
+3 2
-3 1
+3 1
-3 2
+3 4
-3 2
+3 2
+2 2
+21 2
-21 2
cfi=(13)
cfn=(28)
calls=2 -76 
* 68
+4 2
-4 4
+17 2
-13 6
+64 2
+4 27
100 8
+39 6
+70 6
cfi=(20)
cfn=(74)
calls=2 -93 
* 32
* 42
+6 40
-1 40
+1 42
-1 2
+1 6
+5 4
-96 1
+7 4
+32 4
cfi=(19)
cfn=(46)
calls=2 50 
* 36
* 2
+1 2
-1 4
+1 2

fn=(50)
31 6
+2 3
-2 9
+2 6
cfi=(2) /build/glibc-OTsEL5/glibc-2.27/elf/rtld.c
cfn=(52) rtld_lock_default_lock_recursive
calls=3 784 
* 6
+2 22
+3 15
+2 2
+2 2
+4 2
+4 2
-4 4
+1 2
+4 4
-4 2
+1 2
+3 2
-3 2
+2 2
cfi=(2)
cfn=(54) rtld_lock_default_unlock_recursive
calls=2 790 
* 4
-4 1
+4 1
-4 2
+1 1
+4 2
-4 1
+1 1
+3 1
-3 1
+2 1
cfi=(2)
cfn=(54)
calls=1 790 
* 2
-5 2

fl=(124) /build/glibc-OTsEL5/glibc-2.27/elf/dl-fini.c
fn=(514) _dl_fini
30 8
+20 3
-3 6
+3 4
+3 2
cfi=(2)
cfn=(52)
calls=1 784 
* 2
+2 1
+3 2
+2 8
+8 1
-3 1
+8 1
-5 6
+7 8
+2 8
+2 8
+1 4
+1 4
+4 4
-12 12
+14 6
+1 4
+6 3
cfi=(52)
cfn=(164)
calls=1 -66 
* 253
+10 2
cfi=(2)
cfn=(54)
calls=1 790 
* 2
+5 6
+2 1
+2 3
-2 3
+2 9
+3 8
+3 12
+4 4
+11 2
+1 2
-1 2
+2 2
-2 2
+2 2
+1 14
+1 2
cob=(4)
cfi=(79)
cfn=(538)
calls=1 0 
* 95
cob=(5) /home/k/CLionProjects/seng440/cmake-build-debug/hufe0
cfi=(88) ???
cfn=(516) 0x0000000000000860
calls=1 0 
* 95
* 2
-1 6
+5 4
+1 6
cob=(2)
cfi=(18)
cfn=(554) 0x0000000004a2a7a8
calls=1 0 
* 3
cob=(2)
cfi=(18)
cfn=(536) 0x00000000001095c4
calls=1 0 
* 3
+6 24
+16 8
-56 10
+62 6
+6 2
+7 8
-90 7
+26 6

fl=(31)
fn=(92)
49 8
+5 6
+5 2
-1 1
+1 2
+1 2
-1 1
+5 1
-14 4
+4 8
+4 1
-1 1
+1 4

fn=(96) _dl_debug_state
74 2

fl=(1) ???
fn=(0) 0x0000000000001090
0 2
cfi=(2)
cfn=(2) _dl_start
calls=1 444 
0 125284
0 14
cfi=(78) /build/glibc-OTsEL5/glibc-2.27/elf/dl-init.c
cfn=(290) _dl_init
calls=1 79 
0 2179
0 3
cob=(5)
cfi=(88)
cfn=(326) _start
calls=1 0 
0 515654343

fl=(32)
fn=(178) _dl_allocate_tls_storage
332 1
+2 1
-2 2
+13 1
+1 2
cfi=(19)
cfn=(46)
calls=1 50 
* 18
* 1
+1 3
+8 2
-69 1
+69 2
+1 1
+4 297
+19 1
-94 2
+1 2
cfi=(19)
cfn=(42)
calls=1 92 
* 27
* 1
+1 2
+3 1
+6 2
+89 5

fn=(280) _dl_allocate_tls_init
437 8
+1 1
-1 1
+1 1
+4 1
+6 2
-6 1
+6 1
+12 1
-15 1
+39 1
-24 1
-16 2
+21 9
+6 15
+3 1
+1 2
+6 3
+3 1
-2 1
+6 1
-6 1
+2 1
+4 1
-4 2
+3 1
-3 1
+1 1
+2 1
+4 2
+1 4
+2 2
+1 2
+12 1
-3 1
+3 2
cfi=(20)
cfn=(74)
calls=1 116 
* 12
* 5
cfi=(28)
cfn=(76)
calls=1 109 
* 33
* 7
-42 2
+52 1
+4 3
+3 8

fn=(162)
51 4
+48 1
+4 1

fn=(278) _dl_add_to_slotinfo
887 4
+9 1
-3 2
+8 7
+41 1
+1 1
+1 4

fn=(176) _dl_determine_tlsoffset
141 1
-6 5
+6 2
+3 2
+36 3
+2 4
-2 1
-2 1
-40 1
-1 1
-1 2
+69 2
+3 2
-3 5
+2 2
+10 1
-37 2
+25 1
-25 2
+5 1
-1 1
+5 2
-4 1
-1 2
+3 2
+2 3
-9 5
+93 1
-53 1
+1 1
+52 1
-1 1
+1 4

fn=(94) _dl_count_modids
113 2
+1 2

fl=(37)
fn=(120)
39 11
fi=(38) /build/glibc-OTsEL5/glibc-2.27/io/../sysdeps/unix/sysv/linux/open64.c
-3 11
+3 66
+8 77
+2 3
-2 24
+2 8
fe=(37)

fl=(50)
fn=(284) _dl_unload_cache
326 4
-1 1
+3 2
cfi=(44)
cfn=(286) munmap
calls=1 78 
* 5
+1 1
+2 2

fn=(160) _dl_cache_libcmp
141 22
+1 24
+2 212
+20 104
+2 188
+4 42
+1 42
-29 84
+32 3
-28 2
+6 1
+2 1
-1 1
-1 2
+1 1
-1 1
+2 3
+2 3
-3 1
+3 1
+2 2
+9 30

fn=(154)
187 9
+8 2
+3 3
+45 1
+6 2
+11 1
-2 1
fi=(51) /build/glibc-OTsEL5/glibc-2.27/elf/../sysdeps/x86/dl-procinfo.h
39 1
fe=(50)
258 2
fi=(51)
39 3
+3 3
cfi=(21)
cfn=(56)
calls=1 144 
* 24
* 2
fe=(50)
264 4
cfi=(9) /build/glibc-OTsEL5/glibc-2.27/elf/dl-tunables.c
cfn=(26) __tunable_get_val
calls=1 373 
* 18
* 1
fi=(26) /build/glibc-OTsEL5/glibc-2.27/elf/../sysdeps/unix/sysv/linux/not-errno.h
28 2
fe=(50)
264 1
fi=(26)
28 2
fe=(50)
266 2
fi=(26)
32 3
fe=(50)
270 2
+15 1
-15 1
+15 159
cfn=(160)
calls=10 141 
* 699
* 61
cfn=(160)
calls=1 141 
* 71
* 7
-84 4
cfi=(36)
cfn=(156) _dl_sysdep_read_whole_file
calls=1 44 
* 107
+8 1
-8 1
+8 4
+1 7
+7 1
-3 1
+3 3
+3 1
+1 2
-1 1
+1 1
+1 8
+63 3
+16 2
+4 2
+8 3
cfi=(13)
cfn=(28)
calls=1 79 
* 34
* 2
+1 1
-1 4
+1 2
cfi=(20)
cfn=(48)
calls=1 129 
* 10
+1 2
cfi=(30)
cfn=(86)
calls=1 40 
* 80
+1 8
-19 2
-27 4
+1 3
-1 7
+15 16
fi=(51)
42 3
fe=(50)
297 3

fl=(39)
fn=(124)
27 8
+1 2

fl=(9)
fn=(16) __GI___tunables_init
289 8
-9 3
150 4
-82 182
+6 59
-3 59
+3 5272
+4 118
+5 59
297 59
83 59
297 59
fi=(10) /build/glibc-OTsEL5/glibc-2.27/elf/dl-tunables.h
121 118
-1 60
+1 24
-1 8
+1 32
-1 40
fe=(9)
330 236
-12 6490
fi=(10)
120 2124
+1 2180
-1 72
fe=(9)
312 5251
68 118
364 8

fn=(26)
373 102
+4 17
-4 66
+9 3
+1 3
-6 14
+22 85
+2 17

fl=(15) /build/glibc-OTsEL5/glibc-2.27/elf/dl-environ.c
fn=(34) _dl_next_ld_env_entry
29 3
+3 10
+13 57
-13 171
+2 118
+1 20
+5 2
-3 2
+3 2
+2 2
+7 1

fl=(16) /build/glibc-OTsEL5/glibc-2.27/string/../sysdeps/x86_64/memcmp.S
fn=(36) bcmp
24 2
+1 2
+1 2
+1 2
+1 2
+1 2
+1 2
+1 2
+3 2
+1 2
+1 1
+1 1
+1 1
+1 1
+1 1
+1 1
+1 1
+2 2
+1 2
+1 1
+1 1
+1 1
+1 1
+1 1
+1 1
+1 1
+2 2
+1 2
+1 2
+1 2
+1 2
+1 2
+1 1
+1 1
+1 1
+2 1
+1 1
+1 1
+1 1
+1 1
+1 1
+29 2
+1 2
+15 2
+1 2

fl=(2)
fn=(32) dl_main
870 1
+17 1
-17 10
+17 1
+4 1
-21 1
2471 1
891 1
+1 1
2466 1
892 1
+5 1
2471 1
897 1
2464 2
+7 3
-4 1
+4 3
+2 2
cfi=(15)
cfn=(34)
calls=1 29 
* 72
* 4
cfi=(15)
cfn=(34)
calls=2 29 
* 316
* 9
+4 6
-2 2
+2 42
+1 19
-1 57
+3 4
+6 14
+76 3
+1 4
cfi=(16)
cfn=(36)
calls=1 24 
* 31
* 2
-56 2
+7 4
cfi=(16)
cfn=(36)
calls=1 24 
* 36
* 2
+2 3
2635 3
+32 3
907 3
1108 7
cfi=(17)
cfn=(38)
calls=1 59 
* 230
+2 1
-2 1
+2 1
+1 1
+1 1
+5 2
-5 1
+1 2
+4 1
cfi=(17)
cfn=(50)
calls=1 31 
* 33
+1 2
879 1
1147 1
-3 1
-5 1
+1 1
+2 1
+5 5
+56 2
876 1
1166 1
+22 1
+15 2
-55 24
-1 27
+1 47
1250 3
+3 2
+2 2
+2 3
+13 3
+3 2
-2 1
+2 1
-2 3
cfi=(21)
cfn=(56)
calls=1 144 
* 50
* 2
+7 1
+3 1
-5 1
+3 1
-3 1
+5 1
+1 2
+4 2
+2 2
fi=(3)
33 1
+9 2
+6 1
-2 1
+2 2
+15 1
+5 1
+3 1
+2 1
-3 1
-3 1
-3 1
-14 52
+13 24
+1 20
+10 5
-26 15
+16 20
+10 20
-26 60
+26 1
-26 3
+33 3
+20 3
+1 4
+1 4
+1 4
+2 4
+5 4
+1 4
+1 4
+6 3
+5 2
+7 2
+1 3
+18 3
+5 1
+2 1
-2 1
+2 1
+2 2
+2 2
+1 1
+2 3
+10 1
-8 3
+8 1
+5 2
+1 2
+2 2
fe=(2)
1293 2
cfi=(6)
cfn=(10)
calls=1 939 
* 23
+3 2
fi=(22) /build/glibc-OTsEL5/glibc-2.27/elf/setup-vdso.h
24 2
fe=(2)
1318 1
cfi=(11) /build/glibc-OTsEL5/glibc-2.27/elf/../sysdeps/unix/sysv/linux/dl-sysdep.c
cfn=(62) _dl_discover_osversion
calls=1 45 
* 87
* 9
-6 5
1167 2
+9 1
-7 1
-3 1
+10 1
+18 2
-37 3
+1 1
-6 3
+1 1
fi=(3)
65 4
+3 4
fe=(2)
1203 2
-1 2
+1 4
-1 2
+2 4
+1 1
+3 2
+1 2
-1 2
+1 2
+1 2
+1 6
+1 2
+31 2
+1 2
+1 1
-6 2
+1 1
fi=(3)
71 4
+1 1
+1 3
fe=(2)
1323 2
cfi=(24)
cfn=(66)
calls=1 623 
* 1740
+3 3
cfi=(31)
cfn=(92)
calls=1 49 
* 17
+7 1
-7 1
+2 1
+5 1
+3 3
+1 1
+3 1
-3 3
+1 2
+3 1
+5 1
-7 1
+7 1
+1 5
+17 2
+1 2
+5 1
-3 3
+2 1
+1 2
+5 2
+1 5
-1 2
+3 2
+1 2
+5 2
+6 4
+1 1
-2 1
885 1
1391 1
1570 1
cfi=(32)
cfn=(94)
calls=1 113 
* 4
* 1
+8 3
+3 2
+4 3
+5 2
+1 1
cfi=(31)
cfn=(96)
calls=1 74 
* 1
+1 1
+4 2
+15 3
+4 1
-2 1
+2 2
+2 3
+1 1
-1 2
+1 1
cfn=(98) handle_ld_preload
calls=1 837 
* 2506
* 1
+1 4
+2 2
+10 3
cfi=(47) /build/glibc-OTsEL5/glibc-2.27/io/../sysdeps/unix/sysv/linux/access.c
cfn=(144) access
calls=1 27 
* 8
* 2
+77 1
-96 1
+96 3
+17 3
+1 1
-1 1
+1 2
-1 1
+1 5
cfi=(48) /build/glibc-OTsEL5/glibc-2.27/elf/dl-deps.c
cfn=(146) _dl_map_object_deps
calls=1 159 
* 7121
+1 4
+5 1
-3 2
+3 2
+1 7
-1 2
+1 9
-1 6
+4 3
+1 3
+1 1
+2 2
+1 5
-1 4
+1 6
-1 6
+47 2
+2 2
-1 1
-1 2
+2 4
cfi=(34) /build/glibc-OTsEL5/glibc-2.27/elf/dl-error-skeleton.c
cfn=(166) _dl_receive_error
calls=1 226 
* 2617
+10 1
+1 1
-1 1
+1 1
+1 1
cfn=(174) init_tls
calls=1 687 
* 542
* 1
+2 2
799 1
fi=(128) /build/glibc-OTsEL5/glibc-2.27/elf/../sysdeps/unix/sysv/linux/dl-osinfo.h
64 2
fe=(2)
801 1
fi=(128)
77 1
fe=(2)
810 1
+7 1
-5 1
1808 2
2038 3
2161 3
+7 1
+2 3
+1 1
-1 2
+2 10
+2 4
-2 8
+2 4
+5 8
+2 8
+6 4
+2 8
+1 24
cfi=(54) /build/glibc-OTsEL5/glibc-2.27/elf/dl-reloc.c
cfn=(180) _dl_relocate_object
calls=3 148 
* 77709
+4 10
+1 2
cfi=(32)
cfn=(278)
calls=1 887 
* 20
* 1
-12 1
+1 1
-3 2
+29 4
+2 1
+7 3
cfi=(32)
cfn=(280)
calls=1 437 
* 149
+3 2
-25 4
+2 2
+6 1
-6 1
+6 1
+26 3
+2 4
+15 1
+2 1
-2 2
+3 1
-3 1
+3 1
-3 1
+3 3
cfi=(54)
cfn=(180)
calls=1 148 
* 6191
+1 4
+2 2
+8 1
cfi=(7) /build/glibc-OTsEL5/glibc-2.27/elf/../elf/dl-sysdep.c
cfn=(282) _dl_sysdep_start_cleanup
calls=1 260 
* 1
+4 2
+20 3
cfi=(31)
cfn=(92)
calls=1 49 
* 8
+1 1
-1 1
+2 1
cfi=(31)
cfn=(96)
calls=1 74 
* 1
+1 1
+4 1
cfi=(50)
cfn=(284)
calls=1 326 
* 15
+5 8
2094 1
+13 1
-9 1
-4 1
+10 1
-6 1
+6 1
+3 1
1753 1
+1 1
-1 2
+1 1
+2 1
+2 3
+2 1
-4 1
+4 2
+14 4
+1 2
+1 3
-64 5
+1 1
-1 3
+4 3
+1 1
+1 2
+1 2
+32 2
2565 3

fn=(52)
784 5
+1 5

fn=(98)
837 8
+1 1
-1 1
-75 1
+86 1
-86 4
+80 2
+3 3
cfi=(33) /build/glibc-OTsEL5/glibc-2.27/string/../sysdeps/x86_64/strcspn.S
cfn=(100) strcspn
calls=1 30 
* 218
* 1
+1 3
+9 1
121 1
857 2
121 2
859 2
-97 5
-10 1
+4 1
+1 1
+1 1
+2 1
+2 1
cfi=(34)
cfn=(104) _dl_catch_error
calls=1 213 
* 2201
* 1
+1 3
+8 4
+71 2
+21 9
-15 4
cfi=(20)
cfn=(48)
calls=1 129 
* 18
+1 2

fn=(2)
444 9
+19 4
fi=(3)
48 1
fe=(2)
463 1
fi=(5) /build/glibc-OTsEL5/glibc-2.27/elf/../sysdeps/x86_64/dl-machine.h
59 3
fi=(3)
-11 1
fe=(2)
489 1
-3 1
fi=(3)
48 1
+25 2
-3 1
-7 1
+5 1
+3 1
+2 1
-6 1
+3 1
-3 2
-3 16
+10 4
-26 12
+16 13
+10 13
-26 39
+26 1
-26 3
+2 36
+13 20
+2 4
+16 2
+20 4
+1 4
+1 4
+1 4
+2 4
+5 4
+1 4
+1 4
+6 3
+5 2
+7 3
+1 3
+8 3
+3 3
+4 2
+1 2
fe=(2)
500 2
393 1
507 1
393 1
cfi=(6)
cfn=(10)
calls=1 939 
* 23
+1 2
+1 2
+1 2
+1 2
+8 1
+9 1
-9 3
+9 1
-6 1
-3 1
+9 1
cfi=(7)
cfn=(12) _dl_sysdep_start
calls=1 88 
* 124252
* 1
+9 4
+3 1
+4 1
-4 1
+4 1
532 9
-27 27
fi=(4) /build/glibc-OTsEL5/glibc-2.27/elf/do-rel.h
84 1
+27 1
-28 1
+28 2
+1 2
fi=(5)
540 2
fi=(4)
112 76
fi=(5)
540 76
+1 39
fi=(4)
111 39
fi=(5)
541 39
fi=(4)
111 39
fi=(5)
541 39
fi=(4)
111 39
+5 2
+8 1
fi=(5)
335 1
+87 1
fi=(4)
124 2
+12 1
+3 1
-3 1
+3 1
-3 1
fi=(5)
301 1
fi=(4)
137 1
fi=(5)
301 1
fi=(4)
137 1
fi=(5)
301 1
fi=(4)
136 8
+3 8
-3 8
+3 8
-3 8
fi=(5)
301 8
fi=(4)
137 8
fi=(5)
301 8
fi=(4)
137 8
fi=(5)
301 8
+9 27
+3 9
-3 18
+3 27
+22 54
fi=(3)
68 4
fi=(4)
+56 28
fi=(5)
354 27
fi=(3)
71 4
+1 1
+1 2
fe=(2)

fn=(168) version_check_doit
621 2
+2 4
cfi=(53) /build/glibc-OTsEL5/glibc-2.27/elf/dl-version.c
cfn=(170) _dl_check_all_versions
calls=1 362 
* 2592
* 2
+4 2

fn=(112) map_doit
588 1
+2 1
-2 1
+3 2
-1 3
+1 3
cfi=(24)
cfn=(114)
calls=1 2080 
* 2113
* 1
+2 2

fn=(54)
790 5
+1 5

fn=(174)
687 1
-6 1
+2 2
+4 1
+10 4
cfi=(19)
cfn=(42)
calls=1 92 
* 27
* 1
+11 1
-15 1
+3 1
+6 1
+2 1
-11 1
+15 1
+2 1
-1 1
+1 15
+2 8
+4 1
+2 1
-2 1
-5 8
+9 2
+3 1
cfi=(32)
cfn=(176)
calls=1 141 
* 66
+7 1
cfi=(32)
cfn=(178)
calls=1 332 
* 375
+1 1
-1 1
+1 1
+6 1
+3 1
-3 1
+3 6
+3 1
+2 1
+1 3

fl=(8) /build/glibc-OTsEL5/glibc-2.27/elf/../sysdeps/x86/cpu-features.c
fn=(24) get_common_indeces.constprop.1
34 2
+4 4
+3 3
+4 1
-4 1
+4 1
-4 1
+3 1
+1 2
+1 4
+1 4
+1 3
+1 2
+7 2
+1 7
+7 3
+4 2
+2 4
+40 2
+4 4
+1 2
+3 1
+7 1
-8 1
+4 1
+2 1
-2 1
+4 2
+3 2
+50 3
74 2
+3 3
+3 1
-3 1
+3 1
+2 3
+2 2
+7 3
-5 3

fl=(54)
fn=(180)
148 40
+15 4
-15 8
+15 4
+1 20
+6 12
+6 16
+1 8
-19 6
+22 6
+7 4
-32 4
+32 4
+44 4
fi=(5)
76 4
fe=(54)
231 8
fi=(5)
76 12
fe=(54)
258 146
-99 2
fi=(5)
481 6
fe=(54)
159 4
+99 2
fi=(4)
48 2
fe=(54)
258 2
fi=(4)
47 2
+11 2
-11 2
+11 2
-11 2
+11 2
fe=(54)
258 2
-99 2
fi=(5)
481 6
fe=(54)
159 4
+99 2
fi=(4)
48 2
fe=(54)
258 2
fi=(4)
47 2
+11 2
-11 2
+11 2
-11 2
+11 2
fe=(54)
258 4
fi=(4)
48 4
fe=(54)
258 4
fi=(4)
47 4
+11 4
-11 4
+11 4
-11 4
+11 4
+26 6
+14 12
-15 12
+3 24
+12 6
+10 8
+10 18
+6 5
-3 10
+3 5
fi=(5)
491 3
fi=(4)
51 3
fi=(5)
491 3
fi=(4)
50 6
+77 448
+12 224
-3 336
fi=(5)
276 112
fi=(4)
139 112
-2 112
-1 112
+1 112
+1 112
-1 224
fi=(5)
276 112
+21 224
+4 224
+7 448
fi=(55) /build/glibc-OTsEL5/glibc-2.27/elf/../sysdeps/generic/ldsodefs.h
102 285
fi=(5)
308 1775
fi=(4)
138 91
fi=(5)
308 182
fi=(4)
138 91
fi=(5)
308 91
fi=(4)
138 91
fi=(5)
308 182
fi=(4)
138 1
fi=(5)
308 2
fi=(4)
138 1
fi=(5)
308 1
fi=(4)
138 1
fi=(5)
308 1106
cfi=(6)
cfn=(188) _dl_lookup_symbol_x
calls=92 790 
* 52493
* 552
+2 285
+25 672
fi=(4)
74 4
+1 7
+1 78
fi=(5)
551 39
+24 78
+2 39
cob=(3) /lib/x86_64-linux-gnu/libc-2.27.so
cfi=(77) /build/glibc-OTsEL5/glibc-2.27/time/../sysdeps/unix/sysv/linux/x86/gettimeofday.c
cfn=(274) gettimeofday
calls=1 42 
* 77
cob=(3)
cfi=(58) /build/glibc-OTsEL5/glibc-2.27/string/../sysdeps/x86_64/multiarch/ifunc-strcasecmp.h
cfn=(270) strncasecmp_l
calls=1 32 
* 6
cob=(3)
cfi=(60) /build/glibc-OTsEL5/glibc-2.27/string/../sysdeps/x86_64/multiarch/ifunc-avx2.h
cfn=(268) strchrnul
calls=1 32 
* 8
cob=(3)
cfi=(57) /build/glibc-OTsEL5/glibc-2.27/string/../sysdeps/x86_64/multiarch/ifunc-unaligned-ssse3.h
cfn=(266) stpcpy
calls=1 33 
* 9
cob=(3)
cfi=(57)
cfn=(264) stpncpy
calls=1 33 
* 9
cob=(3)
cfi=(70) /build/glibc-OTsEL5/glibc-2.27/string/../sysdeps/x86_64/multiarch/ifunc-sse4_2.h
cfn=(262) strspn
calls=1 30 
* 6
cob=(3)
cfi=(64) /build/glibc-OTsEL5/glibc-2.27/wcsmbs/../sysdeps/x86_64/multiarch/ifunc-avx2.h
cfn=(260) wcslen
calls=1 32 
* 8
cob=(3)
cfi=(60)
cfn=(258) memchr
calls=1 32 
* 8
cob=(3)
cfi=(58)
cfn=(254) strcasecmp_l
calls=1 32 
* 6
cob=(3)
cfi=(60)
cfn=(252) memrchr
calls=1 32 
* 8
cob=(3)
cfi=(60)
cfn=(250) strlen
calls=1 32 
* 8
cob=(3)
cfi=(74) /build/glibc-OTsEL5/glibc-2.27/string/../sysdeps/x86_64/multiarch/strchr.c
cfn=(248) index
calls=1 40 
* 8
cob=(3)
cfi=(70)
cfn=(246) strpbrk
calls=1 30 
* 6
cob=(3)
cfi=(73) /build/glibc-OTsEL5/glibc-2.27/wcsmbs/../sysdeps/x86_64/multiarch/ifunc-wmemset.h
cfn=(244) wmemset
calls=2 32 
* 26
cob=(3)
cfi=(72) /build/glibc-OTsEL5/glibc-2.27/wcsmbs/../sysdeps/x86_64/multiarch/wcsnlen.c
cfn=(242) wcsnlen
calls=1 40 
* 7
cob=(3)
cfi=(56) /build/glibc-OTsEL5/glibc-2.27/string/../sysdeps/x86_64/multiarch/ifunc-memmove.h
cfn=(240) memcpy@@GLIBC_2.14
calls=1 44 
* 16
cob=(3)
cfi=(57)
cfn=(238) strcpy
calls=1 33 
* 9
cob=(3)
cfi=(58)
cfn=(234) strncasecmp
calls=1 32 
* 6
cob=(3)
cfi=(70)
cfn=(232) strcspn
calls=1 30 
* 6
cob=(3)
cfi=(60)
cfn=(230) strnlen
calls=2 32 
* 16
cob=(3)
cfi=(64)
cfn=(228) wcschr
calls=2 32 
* 16
cob=(3)
cfi=(69) /build/glibc-OTsEL5/glibc-2.27/string/../sysdeps/x86_64/multiarch/ifunc-memset.h
cfn=(226) memset
calls=1 42 
* 18
cob=(3)
cfi=(68) /build/glibc-OTsEL5/glibc-2.27/string/../sysdeps/x86_64/multiarch/strcmp.c
cfn=(224) strcmp
calls=1 38 
* 9
cob=(3)
cfi=(67) /build/glibc-OTsEL5/glibc-2.27/string/../sysdeps/x86_64/multiarch/strncmp.c
cfn=(222) strncmp
calls=1 38 
* 8
cob=(3)
cfi=(65) /build/glibc-OTsEL5/glibc-2.27/string/../sysdeps/x86_64/multiarch/ifunc-memcmp.h
cfn=(218) bcmp
calls=1 33 
* 13
cob=(3)
cfi=(56)
cfn=(216) mempcpy
calls=1 44 
* 16
cob=(3)
cfi=(64)
cfn=(214) wmemchr
calls=2 32 
* 16
cob=(3)
cfi=(60)
cfn=(212) rawmemchr
calls=1 32 
* 8
cob=(3)
cfi=(61) /build/glibc-OTsEL5/glibc-2.27/time/../sysdeps/unix/sysv/linux/x86/time.c
cfn=(206) time
calls=1 43 
* 77
cob=(3)
cfi=(60)
cfn=(204) rindex
calls=1 32 
* 8
cob=(3)
cfi=(57)
cfn=(202) strcat
calls=1 33 
* 9
cob=(3)
cfi=(58)
cfn=(198) strcasecmp
calls=1 32 
* 6
cob=(3)
cfi=(57)
cfn=(196) strncpy
calls=1 33 
* 9
cob=(3)
cfi=(56)
cfn=(194) memmove
calls=2 44 
* 32
-26 39
+27 39
fi=(4)
75 121
fe=(54)
258 2
fi=(4)
75 14
fe=(54)
258 14
+3 16
+24 4
+3 8
+17 12
+8 20
+3 4
-3 4
+3 4
+4 8
+1 12
cfi=(44)
cfn=(136)
calls=4 78 
* 20
* 8
-14 32
fi=(5)
131 6
458 376
fi=(4)
124 336
+19 15
fi=(5)
430 51
+4 68
+5 17
+9 17
-9 34
+9 34
+49 3
+4 6
cfi=(20)
cfn=(48)
calls=1 129 
* 10
+2 3
+1 1
308 34
+5 17
-3 34
+3 142
-3 182
+3 273
+3 10
+3 4
+1 6
+1 4
+4 2
+7 2
cob=(3)
cfi=(60)
cfn=(250)
calls=1 32 
* 8
cob=(3)
cfi=(57)
cfn=(238)
calls=1 33 
* 9
* 6
-24 48
fi=(4)
61 4
-10 2
-1 4
fi=(5)
551 16
+4 16
+2 24
+1 8
fi=(4)
61 141
+2 188
+2 119
+46 9
fi=(5)
541 1243
fi=(4)
111 1243
fi=(5)
541 1243
fi=(4)
111 1243
fi=(5)
541 1243
fi=(4)
111 1243
fi=(5)
535 1243
fi=(4)
112 2486
fi=(5)
535 2486
+5 2486
fi=(4)
50 1
160 1
51 1
160 4
+2 20
+9 10
-1 5
+1 5
-1 10
fi=(5)
276 5
fi=(4)
170 15
fi=(5)
276 5
+21 10
+4 10
+7 20
fi=(55)
102 15
fi=(5)
308 170
cfi=(6)
cfn=(188)
calls=5 790 
* 2413
* 35
+2 15
+25 30
fe=(54)
-77 10
fi=(5)
82 4
+4 6
+14 2
-8 2
+8 4
+20 4
+4 8
-2 4
458 20
fi=(4)
160 17
+14 2
fi=(5)
313 1
-3 2
+3 3
-5 87
fe=(54)
180 3
fi=(5)
308 6
fe=(54)

fl=(33)
fn=(100)
30 1
+7 1
+1 1
+2 1
+1 1
+1 1
+1 1
+1 33
+3 2
+7 1
+1 1
+1 1
+1 1
+2 1
+1 1
+1 1
+1 1
+2 1
+1 1
+1 1
+9 3
+12 1
+2 1
+1 1
+1 1
-4 11
+2 11
+1 11
+1 11
+2 12
+1 12
+1 12
+2 12
+1 12
+1 12
+2 12
+1 12
+1 12
+2 1
+1 1
+1 1
+2 1
+7 1
+4 1

fl=(6)
fn=(188)
790 990
555 99
790 396
555 297
-1 198
+2 99
-1 99
+1 297
-1 297
+1 1260
-1 1260
+1 3780
-1 3879
793 99
-1 99
+4 99
+4 99
-8 99
+1 99
+7 378
+5 297
+6 297
-7 1089
+15 32
-8 48
+2 1287
cfn=(190) do_lookup_x
calls=99 338 
* 36302
+3 479
+25 198
+24 637
+31 91
+9 364
+14 273
+3 364
+5 91
+2 907
-86 48
+17 8
+1 16
+59 2

fn=(190)
338 693
+1 99
-1 594
+6 198
+12 99
+30 99
-41 99
+41 99
+35 198
-65 495
+14 927
+8 618
+1 927
+3 309
+1 618
+4 618
+3 618
-5 309
+5 927
+3 2163
-99 218
540 1540
+1 117
cfi=(36)
cfn=(116)
calls=39 282 
* 2925
* 156
+3 657
349 620
+3 620
+4 626
+4 618
+4 618
fi=(55)
102 273
fe=(6)
503 182
+3 684
-60 10
+64 33
+12 546
+2 91
+24 792
-1 16
397 288
-1 192
+2 192
+2 96
90 288
375 96
90 96
374 96
90 96
400 192
90 192
413 315
-10 980
+2 364
+2 182
-1 273
78 637
+12 455
+3 317
cfi=(21)
cfn=(56)
calls=27 +51 
* 1298
* 81
+5 91
-1 91
+1 91
+2 180
+19 90
+1 810
452 910
148 2
+2 5
+30 35
-59 450
cfi=(21)
cfn=(56)
calls=90 +23 
* 4322
* 450

fn=(10)
939 12
+4 4
+4 8
+2 4
-1 4
+3 12
+1 4
+1 4
+3 4
-3 4
+7 4
-4 4
-1 4
+3 4
+2 4
-7 4
+7 4
+1 4

fl=(28)
fn=(76)
109 65
+2 13
+1 13
+1 6
+1 6
+2 4
+1 4
+2 4
+55 2
+1 2
+10 2
+1 2
+1 2
+1 2
+1 2
+1 2
+1 2
+1 2
+1 2
+1 2
+1 2
+1 2
+1 2
+1 2
+2 31
+1 31
+1 31
+1 31
+1 31
+1 31
+1 31
+1 2
+15 7
+1 7
+1 7
+1 6
+1 6
+1 2
+1 2
+24 1
+1 1
+2 1
+3 4
+1 4
+2 4
+3 2
+1 2
+2 2

fl=(25)
fn=(68)
42 4
+1 1
-1 8
+1 4
-1 1
+1 1
cfi=(9)
cfn=(26)
calls=1 373 
* 18
* 1
+3 3
-3 1
+12 6
+1 3
+1 1
-2 1
+2 1
-2 5
+1 3
+1 1
-2 1
+2 1
-2 5
+10 3
fi=(26)
-37 4
fe=(25)
131 4
-2 1
+17 6
+3 2
329 9
69 3
+77 1
+20 1
-19 1
+36 10
+1 3
-1 2
+1 3
fi=(27) /build/glibc-OTsEL5/glibc-2.27/elf/../sysdeps/x86/dl-hwcap.h
57 6
fe=(25)
186 1
+1 1
cfi=(13)
cfn=(28)
calls=1 79 
* 16
+1 1
-1 1
+1 3
-5 1
+5 1
-5 1
+5 2
-5 5
+8 3
+2 1
+1 6
+4 1
+4 1
-3 1
-1 1
+4 2
+3 4
+4 3
+1 1
-1 5
+1 3
+2 3
+2 2
-1 1
+1 1
-1 1
+2 2
+7 2
+6 11
+1 4
cfi=(19)
cfn=(46)
calls=1 50 
* 18
* 1
+1 1
-1 1
+1 3
+29 13
+3 4
+7 1
+10 12
-4 2
-3 1
+3 1
cfi=(20)
cfn=(74)
calls=1 116 
* 16
* 2
-3 1
+3 1
cfi=(20)
cfn=(74)
calls=1 116 
* 16
* 6
+3 7
+1 12
+1 4
cfi=(20)
cfn=(74)
calls=1 116 
* 14
-2 1
+2 2
-2 1
+5 6
cfi=(20)
cfn=(74)
calls=2 116 
* 28
+2 2
-2 4
+2 5
-7 3
+12 1
+1 2
-1 9
+1 14
-1 18
+5 10
+4 3
-4 12
+4 33
+1 12
-1 12
+1 24
-2 12
+1 24
-1 39
+4 6
+5 1
-2 1
+2 1
-1 1
-1 2
+2 1
-1 1
+1 4
+2 6
+1 2
+3 2
-6 5
+13 8
+1 1
-1 2
+3 2
-3 3
+1 3
-1 6
+3 6
+3 3
+2 2
-15 2
-6 3
-42 2

fl=(42)
fn=(132)
44 14
+3 7
-6 84
+6 7
+5 70
+2 49
-7 12

fl=(46)
fn=(142)
27 12
+1 3

fl=(35) /build/glibc-OTsEL5/glibc-2.27/setjmp/../sysdeps/x86_64/setjmp.S
fn=(110) __sigsetjmp
26 3
+9 3
+1 6
+1 3
+4 3
+1 3
+1 3
+1 3
+1 3
+2 6
+2 3
+1 3
+1 3
+2 6
+2 3
+4 3
+1 3

fl=(47)
fn=(144)
27 7
+4 1

fl=(49)
fn=(152)
34 8
-1 8
+1 8
+1 48
+4 1
-4 28

fl=(21)
fn=(56)
144 235
+1 235
+2 235
+1 235
+21 235
+1 235
+1 153
+1 153
+1 131
+1 131
+1 131
+1 131
+21 131
+1 131
+1 131
+1 131
+1 131
+1 131
+1 131
+5 5
+1 5
+9 5
+1 5
+1 5
+1 5
+1 5
+1 5
+1 5
+1 5
-7 104
+1 104
+1 104
+1 104
+1 104
+1 104
+1 104
+1 104
+1 46
+1 30
+1 30
+1 30
+2 30
+1 30
+1 30
+1 30
+1 30
+1 30
-5 16
+1 16
+1 16
+1 16
+1 16
+1 16
+10 63
+1 63
+1 63
+2 63
+6 63
+1 63
+1 63
+1 63
+1 63
+5 63
+2 63
+1 63
+1 126
+8 63
+1 63
+3 63
+1 63
+1 63
+1 63
+1 63
+1 63
821 1
+1 1
+1 1
+1 1
+1 1
+2 1
+1 1
+1 1
+1 1
+1 1
+1 1
+1 1
+1 1
+4 1
+1 1
+1 1
+6 1
+1 1
+1 2
+4 1
+1 1
+3 1
+1 1
+1 1
+3 1
+1 1
+1 1
+6 1
+1 1
+1 1
+1 1
+1 1
+1 1
+72 2
+1 2
+1 2
+1 2
+1 2
+2 2
+1 2
+1 2
+1 2
+1 2
+1 2
+1 2
+1 1
+4 1
+1 1
+1 1
+6 1
+1 1
+1 2
+4 1
+1 1
+3 1
+1 1
+1 1
+3 1
+1 1
+1 1
+6 1
+1 1
+1 1
+1 1
+1 1
+1 1
+72 4
+1 4
+1 4
+1 4
+1 4
+2 4
+1 4
+1 4
+1 4
+1 4
+1 4
+1 4
+1 1
+4 1
+1 1
+1 1
+6 1
+1 1
+1 2
+4 1
+1 1
+3 1
+1 1
+1 1
+3 1
+1 1
+1 1
+6 1
+1 1
+1 1
+1 1
+1 1
+1 1
+72 4
+1 4
+1 4
+1 4
+1 4
+2 4
+1 4
+1 4
+1 4
+1 4
+1 4
+1 4
+1 2
+4 2
+1 2
+1 2
+6 2
+1 2
+1 4
+4 2
+1 2
+3 2
+1 2
+1 2
+3 2
+1 2
+1 2
+6 2
+1 2
+1 2
+1 2
+1 2
+1 2
+72 1
+1 1
+1 1
+1 1
+1 1
+2 1
+1 1
+1 1
+1 1
+1 1
+1 1
+1 1
1446 14
+1 14
+1 14
+1 14
+1 14
+2 14
+1 14
+1 14
+1 14
+1 14
+1 14
+1 14
+1 14
+4 14
+1 14
+1 14
+6 14
+1 14
+1 28
+4 14
+1 14
+3 14
+1 14
+1 14
+3 14
+1 14
+1 14
+6 14
+1 14
+1 14
+1 14
+1 14
+1 14
1696 2
+1 2
+1 2
+1 2
+1 2
+2 2
+1 2
+1 2
+1 2
+1 2
+1 2
+1 2
+1 2
+4 2
+1 2
+1 2
+6 2
+1 2
+1 4
+4 2
+1 2
+3 2
+1 2
+1 2
+3 2
+1 2
+1 2
+6 2
+1 2
+1 2
+1 2
+1 2
+1 2
+7 1
+1 1
+2 1
+1 1
+2 1
+1 1
+1 1
+3 1
+1 1
+1 1
+6 1
+1 1
+1 1
+1 1
+1 1
+1 1
+41 6
+1 6
+1 6
+1 6
+1 6
+2 6
+1 6
+1 6
+1 6
+1 6
+1 6
+1 6
+1 5
+4 5
+1 5
+1 5
+6 5
+1 5
+1 10
+4 5
+1 5
+3 5
+1 5
+1 5
+3 5
+1 5
+1 5
+6 5
+1 5
+1 5
+1 5
+1 5
+1 5
+72 8
+1 8
+1 8
+1 8
+1 8
+2 8
+1 8
+1 8
+1 8
+1 8
+1 8
+1 8
+1 3
+4 3
+1 3
+1 3
+6 3
+1 3
+1 6
+4 3
+1 3
+3 3
+1 3
+1 3
+3 3
+1 3
+1 3
+6 3
+1 3
+1 3
+1 3
+1 3
+1 3
+72 4
+1 4
+1 4
+1 4
+1 4
+2 4
+1 4
+1 4
+1 4
+1 4
+1 4
+1 4
2200 92
+2 92
+1 92
+1 92
+1 92
-3 17
+1 17
+1 17
+1 17
+1 90
+5 30
+6 30
+1 30
+8 30
+1 30
-16 205
+6 205
+1 205
+8 205
+1 205

fl=(29)
fn=(84)
24 6
+1 6
+1 6
+1 6
+1 6
+1 6
+1 6
+1 6
+1 6
+1 6
+1 6
+1 6
+1 6
+1 6
+1 6
+1 6
+1 6
+1 4
+4 4
+1 4
+1 4
+1 4
+2 4
+4 2
+1 2
+1 2
+1 2
+1 2
+1 2
+1 2
+1 2
+1 2
+1 2
+1 2
+1 2
+1 2
+1 2
+1 2
+1 2
+1 2
+1 2
+1 2
+1 2
+1 2
+1 2
+1 2
+1 2
+52 2
+4 2
+1 2
+1 2
+1 2
+2 2

fl=(78)
fn=(290)
79 11
+5 1
-4 1
+1 1
+3 2
+8 2
+25 2
+1 12
+1 12
-89 12
+9 3
-3 6
+3 9
+5 6
+5 2
+9 6
cob=(3)
cfi=(80) /build/glibc-OTsEL5/glibc-2.27/csu/../csu/init-first.c
cfn=(302) _init
calls=1 -6 
* 207
* 1
+4 2
+6 2
+2 2
-2 1
+3 1
-1 1
+1 5
+1 4
cob=(3)
cfi=(86) /build/glibc-OTsEL5/glibc-2.27/string/../sysdeps/x86/cacheinfo.c
cfn=(316) init_cacheinfo
calls=1 488 
* 1773
* 1
-1 2
+47 3
+7 8
-80 3
-5 3
-10 3
+57 2
-48 1
-3 2
+3 3
+5 3
+5 2
+9 7
cob=(2)
cfi=(18)
cfn=(292) 0x0000000004a2a520
calls=1 -58 
* 6
* 1
+3 1
+1 2
+6 1
+2 2
-2 2
+3 8
+1 4
cob=(4)
cfi=(79)
cfn=(296)
calls=1 -72 
* 17
-1 5

fl=(106) /build/glibc-OTsEL5/glibc-2.27/elf/dl-open.c
fn=(394) _dl_find_dso_for_object
176 5
+4 6
+1 4
+1 12
+1 2
-2 6
+5 2
+4 7

fl=(19)
fn=(80)
265 4
+2 2
+1 4
+4 33
+7 84
-2 56
+13 1
+4 2
-7 14
-15 44

fn=(90) free
111 4

fn=(42)
92 8
+8 8
-1 16
-3 8
+4 16
+3 8
cfn=(46)
calls=8 -53 
* 210
* 8

fn=(46)
50 87
+11 42
+3 21
-3 21
+3 42
-3 2
+3 1
-3 1
+3 86
-15 3
+20 4
+1 2
+2 1
+1 8
cfi=(42)
cfn=(132)
calls=1 -29 
* 35
+2 2
+2 3
+2 1
+3 1
-3 2
+4 1
+2 5
-2 21
-1 21
+3 42
-29 1
-1 1
+1 1
+1 2
-2 2

fl=(36)
fn=(156)
44 2
+3 1
-3 3
+3 1
-3 3
+3 1
cfi=(37)
cfn=(120)
calls=1 -8 
* 16
+1 2
+2 5
cfi=(41)
cfn=(130)
calls=1 -16 
* 10
* 2
+2 1
+3 1
-3 1
+3 1
+13 2
cfi=(46)
cfn=(142)
calls=1 -41 
* 5
+3 7
-14 6
cfi=(42)
cfn=(132)
calls=1 -13 
* 35
* 2

fn=(116)
282 265
+1 106
cfi=(21)
cfn=(56)
calls=53 144 
* 1362
* 53
+1 53
-1 53
+3 53
+2 106
+6 50
+1 250
-3 54
-4 108
+1 171
cfi=(21)
cfn=(56)
calls=57 144 
* 1536
* 114
+6 3
-11 3
+11 12

fl=(11)
fn=(62)
45 4
+2 3
+85 5
-45 3
cfi=(23) /build/glibc-OTsEL5/glibc-2.27/posix/../sysdeps/unix/syscall-template.S
cfn=(64) uname
calls=1 -9 
* 5
* 1
+15 1
-15 1
+20 1
-1 1
+3 12
+4 3
-2 6
+2 10
+2 1
+1 2
-3 4
+7 3
-1 3
+4 3
-2 3
+2 10
+5 2

fl=(105) /build/glibc-OTsEL5/glibc-2.27/elf/../elf/dl-runtime.c
fn=(390) _dl_fixup
66 4
+6 4
-6 2
+3 4
+3 6
-4 2
+5 2
+2 2
-2 10
+2 2
-2 2
+2 2
+5 4
+4 4
+4 2
+7 2
-7 4
+4 4
+1 8
+2 8
+7 4
-1 2
+1 2
+10 18
cfi=(6)
cfn=(188)
calls=2 790 
* 1847
* 2
+4 10
+10 14
+16 2
-8 2
+8 6
+4 6
fi=(5)
+96 2
fe=(105)
-92 6

fl=(44)
fn=(286)
78 4
+1 1

fn=(136)
78 24
+1 6

fl=(7)
fn=(12)
88 8
+25 1
-1 1
+1 187
+6 1
-3 1
+1 1
-4 1
+3 1
+3 4
+1 2
-1 12
-29 1
-1 10
+30 2
+1 108
+3 1
-4 74
+62 1
-62 1
+63 1
-1 1
-62 3
+34 1
-34 2
+35 1
-35 2
+46 1
-46 1
+47 1
-1 1
-46 3
+40 1
-40 1
+41 1
-1 1
-40 3
+37 1
-37 2
+38 1
-38 3
+13 1
-13 2
+14 1
-14 2
+10 1
-10 2
+11 1
-11 2
+7 1
-7 4
224 1
cfi=(9)
cfn=(16)
calls=1 +65 
* 22702
fi=(11)
35 2
cfi=(12)
cfn=(22)
calls=1 -4 
* 11
fi=(8)
196 1
-12 1
+1 1
+11 1
+3 1
-3 1
+3 5
366 3
+1 1
+3 2
+1 1
+6 1
+5 2
-3 1
+3 1
-4 1
+4 1
cfi=(9)
cfn=(26)
calls=1 -9 
* 16
+2 4
cfi=(9)
cfn=(26)
calls=1 -11 
* 18
* 1
+2 3
-2 1
+2 1
cfi=(9)
cfn=(26)
calls=1 -13 
* 18
* 1
+2 3
-2 1
+2 1
cfi=(9)
cfn=(26)
calls=1 -15 
* 18
+12 1
-12 1
+11 1
-11 1
+12 1
fe=(7)
236 1
cfi=(13)
cfn=(28)
calls=1 79 
* 16
* 1
+2 2
cfi=(14) /build/glibc-OTsEL5/glibc-2.27/elf/../misc/sbrk.c
cfn=(30) sbrk
calls=1 32 
* 17
* 3
+12 3
+3 5
cfi=(2)
cfn=(32)
calls=1 870 
* 100752
+1 1
+1 8
fi=(8)
404 3
+28 2
-9 3
+2 4
+3 4
+1 2
205 6
cfn=(24)
calls=1 34 
* 87
+3 3
+97 4
+7 4
203 1
312 4
210 5
+1 7
+85 3
-79 2
fe=(7)

fn=(282)
260 1

fl=(23)
fn=(64)
78 4
+1 1

fl=(53)
fn=(170)
362 5
+2 1
-2 3
+4 3
+2 24
cfn=(172) _dl_check_map_versions
calls=4 156 
* 2521
-2 4
+2 16
-2 8
+5 7

fn=(172)
156 28
+15 12
+2 20
+2 4
+1 4
+2 4
-3 4
+1 4
+2 4
+3 6
-16 2
-8 4
+28 2
-4 2
+4 4
+16 2
37 4
201 2
37 10
+1 5
-1 10
+2 21
cfi=(36)
cfn=(116)
calls=7 282 
* 638
* 14
209 6
+5 2
-71 6
+71 4
-71 6
+79 2
-2 2
-2 4
+4 2
-4 14
+4 2
-2 2
-2 4
+4 2
-4 24
57 6
+8 6
-8 6
+8 6
+6 12
+16 4
+1 8
+2 4
+5 24
+14 36
+12 42
+4 14
-30 28
225 16
+3 12
+5 2
-11 2
111 4
+3 16
cfi=(21)
cfn=(56)
calls=4 +30 
* 196
* 20
237 8
+14 6
+3 8
+3 12
+3 8
+4 2
-7 8
+3 6
+4 30
-7 120
+3 92
+8 9
+89 36
-83 12
cfi=(19)
cfn=(42)
calls=3 92 
* 81
* 3
+1 3
-2 3
+2 3
+13 3
+2 3
-5 3
+3 3
+2 3
-2 3
+2 3
+3 8
+4 6
+18 2
-15 6
+2 6
-2 6
+2 6
+2 4
+1 4
-1 8
+1 4
-1 4
+1 4
+1 4
-2 4
+2 8
+1 12
+3 12
+8 6
+10 9
+3 8
+4 32
+6 32
+1 32
+1 32
-1 96
+1 32
-1 32
+1 32
+1 32
+3 96
+4 32
-14 68
+10 6
-96 2
-86 2
-8 2
+94 3

fl=(34)
fn=(108) _dl_catch_exception
175 6
+15 3
-3 6
+4 3
-3 3
-13 3
+19 3
-3 3
+3 3
-19 3
+13 3
+2 3
+4 3
cfi=(35)
cfn=(110)
calls=3 26 
* 60
* 9
+2 9
cfi=(48)
cfn=(148) openaux
calls=2 60 
* 5656
cfi=(2)
cfn=(112)
calls=1 588 
* 2127
+2 3
-1 3
+1 6
-1 3
+1 3
+9 12

fn=(166)
226 3
+1 1
+1 1
+3 1
+1 1
+2 2
cfi=(2)
cfn=(168)
calls=1 621 
* 2602
+2 1
+1 1
+1 4

fn=(104)
213 6
+2 2
-2 1
+2 2
cfn=(108)
calls=1 -40 
* 2178
* 1
+1 2
+1 1
+1 1
-1 1
+1 1
+2 5

fl=(48)
fn=(148)
60 4
+7 2
-4 6
+1 2
-1 2
+1 2
-1 10
cfi=(24)
cfn=(114)
calls=2 2080 
* 5622
* 2
+5 4

fn=(146)
159 1
-1 1
+1 1
-1 5
+1 1
-1 2
+1 1
-1 2
+1 1
-1 1
+1 1
-8 1
+8 2
-8 1
-6 1
+14 1
-8 1
+24 1
-32 1
+1 1
+1 1
+6 1
+24 2
-28 2
-2 1
+31 1
-33 3
+2 2
-1 1
+1 2
+6 3
+24 1
-24 1
+24 7
+4 1
+19 1
+2 2
-14 1
-1 1
+13 5
+11 1
+4 4
-4 3
+4 12
+12 12
+2 2
+8 2
-8 2
+6 2
-6 2
+6 2
+1 2
+4 2
-3 2
-3 2
+2 2
+4 8
+66 2
-98 2
+98 2
-66 4
+7 10
cfi=(29)
cfn=(84)
calls=2 24 
* 70
* 4
+4 6
-2 2
+2 2
cfi=(34)
cfn=(108)
calls=2 -74 
* 5758
* 2
+1 4
+9 2
+2 4
+5 2
+6 2
+2 2
-8 4
+3 2
+1 2
+1 2
+1 2
+4 10
+4 4
+1 3
-43 204
+1 102
+44 147
434 4
+2 6
+3 4
-1 2
cfi=(19)
cfn=(46)
calls=2 50 
* 36
* 2
+2 2
-2 2
+2 2
+3 2
+1 8
-1 2
+1 2
cfi=(20)
cfn=(48)
calls=2 129 
* 20
+1 10
cfi=(20)
cfn=(48)
calls=2 129 
* 20
+4 2
-1 2
+5 28
+7 6
+4 4
+11 3
-1 1
cfi=(19)
cfn=(46)
calls=1 50 
* 18
* 1
+3 1
-3 1
+3 4
+5 1
+1 1
-1 1
+3 2
-3 4
+9 2
+4 3
-10 3
-3 3
+9 6
+4 9
-10 9
+13 2
+51 2
+2 1
-1 1
+1 2
+35 7
cfi=(20)
cfn=(48)
calls=1 129 
* 10
+4 5
cfi=(52)
cfn=(164)
calls=1 28 
* 232
+3 1
+3 1
-1 1
+2 4
+7 3
+3 2
+3 8
225 8
-19 2
434 5
+27 2
214 25
+2 2
+2 8
+2 26
456 9
-1 4
+1 10
199 3
573 6

fl=(13)
fn=(28)
79 14
+1 14
+1 14
+1 14
+1 14
+1 14
+1 14
+2 14
+2 14
+31 14
+1 14
+1 14
+1 14
+1 14
+1 8
+2 8
+4 6
+1 6
+1 6
+1 6
+1 6
+1 6
+1 6
+1 6
+1 6
+1 6
+1 6
+1 6
+5 48

fl=(14)
fn=(30)
32 4
+8 6
+4 2
+16 5

fl=(41)
fn=(130)
34 3
-1 3
+1 3
+1 18
+4 3

fl=(104) /build/glibc-OTsEL5/glibc-2.27/elf/../sysdeps/x86_64/dl-trampoline.h
fn=(388) _dl_runtime_resolve_xsave
71 2
+3 2
+2 2
+10 2
+6 2
+1 2
+1 2
+1 2
+1 2
+1 2
+1 2
+4 2
+1 2
+3 2
+1 2
+2 2
+1 2
+1 2
+1 2
+1 2
+1 2
+2 2
+7 2
+1 2
+1 2
cfi=(105)
cfn=(390)
calls=2 -59 
* 2001
+1 2
+5 2
+1 2
+1 2
+2 2
+1 2
+1 2
+1 2
+1 2
+1 2
+1 2
+2 2
+2 2
+4 2
+3 2

ob=(3)
fl=(121) /build/glibc-OTsEL5/glibc-2.27/io/../sysdeps/unix/sysv/linux/write.c
fn=(504) write
27 2856
+1 357

fl=(80)
fn=(302)
52 8
+3 3
+14 1
fi=(81) /build/glibc-OTsEL5/glibc-2.27/csu/../sysdeps/generic/dl-hash.h
-25 1
fe=(80)
+23 1
+1 1
fi=(81)
-23 1
fe=(80)
+24 1
fi=(82) /build/glibc-OTsEL5/glibc-2.27/csu/../sysdeps/unix/sysv/linux/x86_64/init-first.c
-33 4
fi=(81)
+7 1
+5 3
+14 4
-17 3
+3 9
+14 12
-17 9
+22 1
fi=(82)
-31 2
+2 2
-2 1
+2 2
cfi=(63) /build/glibc-OTsEL5/glibc-2.27/elf/../sysdeps/unix/sysv/linux/dl-vdso.c
cfn=(210) _dl_vdso_vsym
calls=1 -13 
* 17
+2 1
+4 1
-4 1
+4 1
-4 1
+1 2
+1 1
+2 1
cfi=(63)
cfn=(210)
calls=1 -19 
* 17
fe=(80)
+37 3
fi=(82)
-36 2
+1 1
fe=(80)
+35 1
cfi=(83) /build/glibc-OTsEL5/glibc-2.27/misc/init-misc.c
cfn=(308) __init_misc
calls=1 -50 
* 58
+3 1
cfi=(85) /build/glibc-OTsEL5/glibc-2.27/ctype/ctype-info.c
cfn=(314) __ctype_init
calls=1 -53 
* 16
+5 6
-27 1
-7 1
+7 4

fl=(114) /build/glibc-OTsEL5/glibc-2.27/string/../sysdeps/x86_64/multiarch/strlen-avx2.S
fn=(466) __strlen_avx2
52 1000078
+1 1000078
+1 1000078
+3 1000078
+1 1000078
+1 1000078
+3 541723
+1 541723
+1 541723
+8 541723
+19 458355
+1 458355
+1 458355
+1 458355
+2 458355
+1 458355
+1 458355
+1 458355
+6 458355
+1 458355
+1 458355
+4 458355
+1 458355
332 541723
+1 541723
+1 541723
+4 541723
+1 541723

fl=(90) /build/glibc-OTsEL5/glibc-2.27/stdlib/cxa_atexit.c
fn=(330) __cxa_atexit
65 7
-26 2
+26 1
-26 5
+1 2
cfn=(332) __new_exitfn
calls=1 +44 
* 29
+2 2
+7 2
+3 1
-1 1
+2 1
+1 1
+1 4
+1 1
+11 6

fn=(332)
84 2
-6 2
+1 2
-1 1
+11 5
+2 3
-2 1
+10 2
-10 2
+45 1
+1 1
+4 4
-19 1
+1 2

fl=(99) /build/glibc-OTsEL5/glibc-2.27/io/../sysdeps/unix/sysv/linux/wordsize-64/fxstat.c
fn=(370) _fxstat
34 2
-1 2
+1 2
+1 12
+4 2

fl=(103) /build/glibc-OTsEL5/glibc-2.27/elf/dl-addr.c
fn=(380) _dl_addr
126 9
+2 1
-2 1
+5 1
-5 1
+5 2
cob=(1)
cfi=(2)
cfn=(52)
calls=1 784 
* 2
+2 2
cob=(1)
cfi=(104)
cfn=(388)
calls=1 -62 
* 1117
* 5
+2 3
30 1
+1 1
-1 1
+1 1
+3 2
+5 1
+6 1
-7 1
+2 3
+2 3
+3 1
+5 7
-6 2
+6 4043
+2 1010
+1 2020
-1 1
+1 2
+2 3664
+9 2052
+7 28
-2 28
+2 2353
-2 2297
+2 6003
-10 11625
+2 9300
+1 14806
+36 2
+1 1
+1 3
+3 2
+36 2
cob=(1)
cfi=(2)
cfn=(54)
calls=1 790 
* 2
+3 9
-27 1
+1 1
+20 2

fl=(126) /build/glibc-OTsEL5/glibc-2.27/nptl/unregister-atfork.c
fn=(526) __unregister_atfork
28 8
+8 2
-8 6
+11 4
+82 12

fl=(102) /build/glibc-OTsEL5/glibc-2.27/malloc/arena.c
fn=(378) ptmalloc_init.part.0
289 2
+5 1
-5 3
+13 2
+6 1
fi=(100) /build/glibc-OTsEL5/glibc-2.27/malloc/malloc.c
1816 2
fe=(102)
308 12
fi=(100)
1816 13
+1 1
-1 3
+1 11
-1 390
+1 30
-1 90
+1 331
fe=(102)
313 1
fi=(100)
1825 1
fe=(102)
313 4
fi=(100)
1817 7
+11 1
-11 4
+9 1
fe=(102)
313 1
fi=(100)
1828 1
fe=(102)
313 1
cob=(1)
cfi=(104)
cfn=(388)
calls=1 71 
* 1027
* 5
+1 4
cob=(1)
cfi=(9)
cfn=(26)
calls=1 +59 
* 18
* 1
+1 4
cob=(1)
cfi=(9)
cfn=(26)
calls=1 +58 
* 19
* 1
+1 4
cob=(1)
cfi=(9)
cfn=(26)
calls=1 +57 
* 18
* 1
+1 4
cob=(1)
cfi=(9)
cfn=(26)
calls=1 +56 
* 18
* 1
+1 4
cob=(1)
cfi=(9)
cfn=(26)
calls=1 +55 
* 19
* 1
+1 4
cob=(1)
cfi=(9)
cfn=(26)
calls=1 +54 
* 18
* 1
+1 4
cob=(1)
cfi=(9)
cfn=(26)
calls=1 +53 
* 18
* 1
+2 4
cob=(1)
cfi=(9)
cfn=(26)
calls=1 +51 
* 18
* 1
+1 4
cob=(1)
cfi=(9)
cfn=(26)
calls=1 +50 
* 18
* 1
+1 4
cob=(1)
cfi=(9)
cfn=(26)
calls=1 +49 
* 18
* 1
+71 2
+1 2
+4 2
-1 1
+1 4
-97 5
cfi=(103)
cfn=(380)
calls=1 126 
* 60426
* 2
+1 4

fl=(111) /build/glibc-OTsEL5/glibc-2.27/libio/iofclose.c
fn=(426) fclose@@GLIBC_2.2.5
34 3
+14 1
-14 1
+14 2
fi=(113) /build/glibc-OTsEL5/glibc-2.27/libio/libioP.h
796 2
+1 3
fe=(111)
57 1
fi=(113)
870 3
+2 2
+1 2
fe=(111)
57 3
cfi=(97) /build/glibc-OTsEL5/glibc-2.27/libio/fileops.c
cfn=(446) _IO_file_finish@@GLIBC_2.2.5
calls=1 169 
* 37
+1 3
+13 2
+3 2
+7 5
-32 1
cfi=(96) /build/glibc-OTsEL5/glibc-2.27/libio/genops.c
cfn=(428) _IO_un_link
calls=1 +4 
* 105
+2 19
+1 2
+1 2
cfi=(97)
cfn=(430) _IO_file_close_it@@GLIBC_2.2.5
calls=1 +76 
* 254
* 4
fi=(113)
797 6
fe=(111)

fl=(101) /build/glibc-OTsEL5/glibc-2.27/malloc/hooks.c
fn=(376) malloc_hook_ini
29 5
fi=(102)
291 1
fe=(101)
30 1
fi=(102)
291 1
fe=(101)
30 1
fi=(102)
291 1
fi=(100)
3039 7
+3 1
-2 2
+2 3
+13 4
+2 3
cfn=(406) _int_malloc
calls=1 3521 
* 154
+1 1
-1 1
+1 6
-19 4
-56 5
cfn=(404) tcache_init.part.4
calls=1 +3 
* 496
+62 3
fe=(101)
33 6
cfi=(102)
cfn=(378)
calls=1 289 
* 62626
* 1
fi=(100)
3034 2
fe=(101)

fl=(60)
fn=(252)
32 1
-2 1
+2 2
-2 3
fi=(129) /build/glibc-OTsEL5/glibc-2.27/string/../sysdeps/x86_64/multiarch/memrchr.c
-1 1
fe=(60)

fn=(230)
32 2
-2 2
+2 4
-2 6
fi=(130) /build/glibc-OTsEL5/glibc-2.27/string/../sysdeps/x86_64/multiarch/strnlen.c
+1 2
fe=(60)

fn=(258)
32 1
-2 1
+2 2
-2 3
fi=(131) /build/glibc-OTsEL5/glibc-2.27/string/../sysdeps/x86_64/multiarch/memchr.c
-1 1
fe=(60)

fn=(204)
32 1
-2 1
+2 2
-2 3
fi=(132) /build/glibc-OTsEL5/glibc-2.27/string/../sysdeps/x86_64/multiarch/strrchr.c
-2 1
fe=(60)

fn=(212)
32 1
-2 1
+2 2
-2 3
fi=(133) /build/glibc-OTsEL5/glibc-2.27/string/../sysdeps/x86_64/multiarch/rawmemchr.c
+1 1
fe=(60)

fn=(268)
32 1
-2 1
+2 2
-2 3
fi=(134) /build/glibc-OTsEL5/glibc-2.27/string/../sysdeps/x86_64/multiarch/strchrnul.c
+1 1
fe=(60)

fn=(250)
32 2
-2 2
+2 4
-2 6
fi=(135) /build/glibc-OTsEL5/glibc-2.27/string/../sysdeps/x86_64/multiarch/strlen.c
-1 2
fe=(60)

fl=(120) /build/glibc-OTsEL5/glibc-2.27/stdio-common/_itoa.c
fn=(494) _itoa_word
168 144
+2 72
+9 696
+9 72

fl=(93) /build/glibc-OTsEL5/glibc-2.27/setjmp/sigjmp.c
fn=(350) __sigjmp_save
29 1
-1 2
+1 2
+5 3

fl=(63)
fn=(210)
25 20
+1 8
+4 8
+18 24
-21 4
+20 4

fl=(58)
fn=(198)
32 5
fi=(59) /build/glibc-OTsEL5/glibc-2.27/string/../sysdeps/x86_64/multiarch/strcasecmp.c
-1 1
fe=(58)

fn=(270)
32 5
fi=(76) /build/glibc-OTsEL5/glibc-2.27/string/../sysdeps/x86_64/multiarch/strncase_l.c
-1 1
fe=(58)

fn=(234)
32 5
fi=(71) /build/glibc-OTsEL5/glibc-2.27/string/../sysdeps/x86_64/multiarch/strncase.c
-1 1
fe=(58)

fn=(254)
32 5
fi=(75) /build/glibc-OTsEL5/glibc-2.27/string/../sysdeps/x86_64/multiarch/strcasecmp_l.c
-1 1
fe=(58)

fl=(77)
fn=(274)
42 2
fi=(62) /build/glibc-OTsEL5/glibc-2.27/time/../sysdeps/generic/dl-hash.h
+2 1
+1 1
fe=(77)
-3 3
fi=(62)
+1 1
+5 3
+14 4
-17 3
+3 9
+14 12
-17 9
+22 1
fe=(77)
-25 6
cfi=(63)
cfn=(210)
calls=1 -17 
* 17
* 5

fl=(73)
fn=(244)
32 4
-2 2
+2 4
-2 4
+5 2
-1 8
fi=(136) /build/glibc-OTsEL5/glibc-2.27/wcsmbs/../sysdeps/x86_64/multiarch/wmemset.c
-3 2
fe=(73)

fl=(115) /build/glibc-OTsEL5/glibc-2.27/string/../sysdeps/x86_64/multiarch/strcpy-ssse3.S
fn=(470) __strcpy_ssse3
32 107
+4 107
+7 107
+1 107
+1 106
+1 106
+1 103
+1 103
+1 100
+1 100
+1 98
+1 98
+1 94
+1 94
+1 81
+1 81
+1 73
+1 73
+5 64
+1 64
+1 48
+1 48
2111 9
+1 9
+4 9
+11 9
2288 1
+1 1
+4 1
+11 1
+4 3
+1 3
+4 3
+11 3
+4 3
+1 3
+1 3
+1 3
+4 3
+11 3
+4 2
+1 2
+4 2
+11 2
+4 4
+1 4
+1 4
+1 4
+4 4
+11 4
+4 13
+1 13
+1 13
+1 13
+4 13
+11 13
+4 8
+1 8
+1 8
+1 8
+4 8
+11 8
+4 16
+1 16
+1 16
+1 16
+4 16
+11 16
+4 48
+1 48
+1 48
+1 48
+4 48
+11 48

fl=(110) /build/glibc-OTsEL5/glibc-2.27/io/../sysdeps/unix/sysv/linux/read.c
fn=(422) read
27 1960
+1 245

fl=(69)
fn=(226)
42 5
+4 2
-1 4
+12 2
+2 5

fl=(84) /build/glibc-OTsEL5/glibc-2.27/string/../sysdeps/x86_64/multiarch/strrchr-avx2.S
fn=(312) __strrchr_avx2
43 1
+1 1
+2 1
+1 1
+3 1
+1 1
+1 1
+33 1
+1 1
+1 1
+1 1
+1 1
+1 1
+1 1
+1 1
+1 1
+1 1
+3 1
+1 1
+9 1
+1 1
+99 1
+1 1
+8 1
+1 1
+1 1
+1 1
+1 1
+2 1
+1 1
+1 1
+1 1
+1 1

fl=(91) /build/glibc-OTsEL5/glibc-2.27/setjmp/../sysdeps/x86_64/bsd-_setjmp.S
fn=(346) _setjmp
30 1
+2 1
cfi=(92) /build/glibc-OTsEL5/glibc-2.27/setjmp/../sysdeps/x86_64/setjmp.S
cfn=(348) __sigsetjmp
calls=1 -6 
* 27

fl=(100)
fn=(404)
2986 1
-9 1
+9 9
+1 3
cfn=(406)
calls=1 3521 
* 389
+1 1
-1 1
+1 1
+8 4
+7 2
+2 1
+1 2
-1 1
+1 78
+3 2

fn=(408) sysmalloc
2274 8
+20 1
+11 1
-11 1
+11 1
+1 4
fi=(102)
535 1
fe=(100)
2321 2
fi=(102)
535 1
fe=(100)
2321 2
+66 1
+1 3
+10 1
-9 1
+9 3
+6 4
+3 3
2724 2
+1 1
+5 2
+3 2
+5 1
-3 1
+3 1
-2 1
+2 3
+1 1
-1 1
-1 1
+4 1
-3 2
+1 1
+2 1
+6 9
2460 3
+19 2
-11 1
+11 1
-11 1
+21 4
cfi=(107) /build/glibc-OTsEL5/glibc-2.27/malloc/morecore.c
cfn=(410) __default_morecore
calls=1 46 
* 61
* 1
+1 1
+3 3
+3 4
+1 2
+46 2
+2 2
+6 1
-6 1
+6 1
-82 1
+10 2
+8 1
-8 1
+8 1
+67 4
+34 2
+6 3
+22 2
+1 5
+2 1
-2 1
+2 1
+1 4
cfi=(107)
cfn=(410)
calls=1 46 
* 25
+12 3
+48 1
+1 1
-2 1
+1 2
+12 1
-12 1
+1 1
+11 1
2544 2
-3 3
+99 2
+1 4

fn=(406)
3521 660
+32 110
-32 110
+32 960
+4 660
+24 220
+2 321
+3 107
+2 214
4131 1000
3553 20
+86 8
+62 68
+1 6
+20 110
-1 220
+1 110
-1 110
+1 220
-2 545
+6 327
+66 109
-40 218
3879 109
3731 109
+1 109
+20 218
+40 218
-60 218
-12 1
+6 3
+66 1
-40 2
3879 1
3731 1
+1 1
+20 2
+40 2
-60 2
-90 324
+2 108
-2 108
+2 216
+59 2160
-62 1404
3904 220
+2 8
+3 2
-3 2
+3 4
+68 220
+1 220
+1 220
+1 220
+1 220
+5 220
3720 2
3893 220
+97 330
+3 432
-3 324
+3 432
-3 216
+3 321
+97 110
+3 110
-2 220
+2 221
+17 3
1887 109
4103 109
1887 218
4125 3
cfn=(408)
calls=1 2274 
* 237
+1 1
-1 1
+1 1
1887 3
4095 109
+3 218
-3 109
+1 109
+2 327
+2 109
-2 218
-1 109
+1 218
+2 218

fn=(374) malloc
3028 327
+5 218
+1 218
+5 776
+3 108
-2 324
+2 324
+3 216
+10 432
+2 324
cfn=(406)
calls=108 3521 
* 18130
+1 108
-1 108
+1 648
-19 392
+8 107
+1 321
+33 540
-46 1
+46 3
-46 1
cfi=(101)
cfn=(376)
calls=1 29 
* 63335

fn=(442) systrim.isra.1.constprop.11
2760 5
+11 3
+2 1
+1 2
-4 1
+8 3
+2 3
+44 1
-49 1
+49 5

fn=(440) free
3086 11
+5 2
+1 2
+6 2
+5 1
-2 1
+2 2
+18 3
+2 3
4149 2
+6 4
+1 2
+4 4
+9 3
-2 2
+3 2
+14 2
3125 11
4259 2
+3 1
+1 1
-1 3
+10 1
-4 1
+4 2
+3 2
+5 3
+3 2
+1 2
+1 2
1894 3
4291 2
+7 2
+62 2
+20 2
4277 3
-2 2
+66 1
+1 3
+1 2
+18 3
+3 3
+2 5
+2 2
cfn=(442)
calls=1 2760 
* 25
* 1

fl=(123) /build/glibc-OTsEL5/glibc-2.27/stdlib/cxa_thread_atexit_impl.c
fn=(512) __call_tls_dtors
145 3
+1 4
+18 4

fl=(92)
fn=(348)
26 1
+9 1
+1 2
+1 1
+4 1
+1 1
+1 1
+1 1
+1 1
+2 2
+2 1
+1 1
+1 1
+2 2
+2 1
+8 1
cfi=(93)
cfn=(350)
calls=1 -34 
* 8

fl=(64)
fn=(214)
32 2
-2 2
+2 4
-2 6
fi=(137) /build/glibc-OTsEL5/glibc-2.27/wcsmbs/../sysdeps/x86_64/multiarch/wmemchr.c
+1 2
fe=(64)

fn=(260)
32 1
-2 1
+2 2
-2 3
fi=(138) /build/glibc-OTsEL5/glibc-2.27/wcsmbs/../sysdeps/x86_64/multiarch/wcslen.c
-1 1
fe=(64)

fn=(228)
32 2
-2 2
+2 4
-2 6
fi=(139) /build/glibc-OTsEL5/glibc-2.27/wcsmbs/../sysdeps/x86_64/multiarch/wcschr.c
+1 2
fe=(64)

fl=(67)
fn=(222)
38 4
+1 3
+9 1

fl=(74)
fn=(248)
40 2
-2 1
+2 2
-2 2
+11 1

fl=(112) /build/glibc-OTsEL5/glibc-2.27/io/../sysdeps/unix/sysv/linux/close.c
fn=(436) __close_nocancel
37 4
+1 1

fl=(83)
fn=(308)
31 2
-1 3
+1 4
+2 3
cfi=(84)
cfn=(312)
calls=1 +10 
* 33
* 1
+4 5
+1 3
+2 4

fl=(98) /build/glibc-OTsEL5/glibc-2.27/libio/filedoalloc.c
fn=(366) _IO_file_doallocate
78 16
+6 8
fi=(113)
870 6
+2 4
+1 4
fe=(98)
84 6
cfi=(97)
cfn=(368) _IO_file_stat
calls=2 1169 
* 28
* 4
+2 8
+11 8
+4 4
cob=(2)
cfi=(18)
cfn=(372) 0x0000000004c4d2c0
calls=2 0 
* 63550
* 2
+2 2
-1 4
+2 8
cfi=(96)
cfn=(416) _IO_setb
calls=2 347 
* 36
+1 2
+1 16

fl=(108) /build/glibc-OTsEL5/glibc-2.27/misc/sbrk.c
fn=(412) sbrk
32 2
+8 2
-8 6
+8 9
+1 2
cfi=(109) /build/glibc-OTsEL5/glibc-2.27/misc/../sysdeps/unix/sysv/linux/x86_64/brk.c
cfn=(414) brk
calls=1 -10 
* 12
* 3
+3 4
+4 6
+12 5
-4 2
cfi=(109)
cfn=(414)
calls=1 -25 
* 12
* 2
+4 5

fl=(85)
fn=(314)
31 5
+2 1
+2 1
-4 1
+4 1
-4 1
+2 3
+2 2
+1 1

fl=(61)
fn=(206)
43 2
fi=(62)
+1 1
+1 1
fe=(61)
-2 4
fi=(62)
+5 3
+14 4
-17 3
+3 9
+14 12
-17 9
+22 1
fe=(61)
-24 6
cfi=(63)
cfn=(210)
calls=1 -18 
* 17
* 5

fl=(65)
fn=(218)
33 5
-1 2
+2 2
+1 3
fi=(66) /build/glibc-OTsEL5/glibc-2.27/string/../sysdeps/x86_64/multiarch/memcmp.c
-6 1
fe=(65)

fl=(109)
fn=(414)
31 16
+8 2
-6 4
+7 2

fl=(56)
fn=(240)
44 5
+4 2
-1 2
+12 2
+2 5

fn=(194)
44 10
+4 4
-1 4
+12 4
+2 10

fn=(216)
44 5
+4 2
-1 2
+12 2
+2 5

fl=(122) /build/glibc-OTsEL5/glibc-2.27/stdlib/exit.c
fn=(510) __run_exit_handlers
40 9
+5 1
-5 1
+5 2
+11 14
+3 2
+2 5
+16 2
+35 6
+2 2
-44 6
+2 1
+1 1
-1 1
+4 4
+1 6
+29 1
-3 1
+5 1
-2 2
+2 2
cob=(1)
cfi=(124)
cfn=(514)
calls=1 -78 
* 722
+1 1
+11 1
+1 1
-1 1
+1 1
+5 4
-73 1
+12 1
+1 4
+63 2
+1 11
cfi=(96)
cfn=(556) _IO_cleanup
calls=1 918 
* 457
* 3
+2 2
cfi=(127) /build/glibc-OTsEL5/glibc-2.27/posix/../sysdeps/unix/sysv/linux/_exit.c
cfn=(570) _Exit
calls=1 27 
* 5
-86 1
cfi=(123)
cfn=(512)
calls=1 +99 
* 11
* 1

fn=(508) exit
139 1
-1 1
+1 3
cfn=(510)
calls=1 -99 
* 1300

fl=(96)
fn=(432) _IO_unsave_markers
1019 2
+19 3
189 1

fn=(484) __overflow
217 2
+2 3
+2 1
fi=(113)
870 3
+2 2
+1 2
fe=(96)
221 1
+1 2
-1 1
cfi=(97)
cfn=(486) _IO_file_overflow@@GLIBC_2.2.5
calls=1 747 
* 368

fn=(506) _IO_default_xsputn
392 712
-3 1780
fi=(113)
870 356
fe=(96)
389 356
fi=(113)
870 356
fe=(96)
389 1780
fi=(113)
870 712
fe=(96)
407 712
+8 356
+2 712
-20 1424
+2 1068
+3 712
+20 356
-29 356
+29 2492
-15 356
+5 1068
-1 712
+1 294
-1 196
+2 1424

fn=(418) _IO_switch_to_get_mode
164 980
+1 735
+3 735
+5 245
-1 490
+1 245
+7 245
-4 245
+2 490
+2 245
+1 245
+1 980

fn=(428)
53 12
+1 4
+4 4
+1 10
+2 1
-2 1
+1 1
+1 1
-2 1
+2 1
-2 1
+2 15
+2 1
-2 1
+2 2
+2 2
+3 3
+1 4
-1 3
+6 1
+2 1
-2 1
+2 8
+2 1
-1 1
+1 8
+1 2
+3 14
-6 7
-18 4
+10 1
+3 3

fn=(358) __uflow
318 736
-1 4
+6 3
-6 976
+6 1222
+3 490
+2 490
+6 490
+7 245
fi=(113)
870 735
+2 490
+1 490
fe=(96)
341 245
+1 245
-1 245
+1 490
-1 245
cfn=(360) _IO_default_uflow
calls=245 +38 
* 91148
-23 488
+21 735

fn=(448) _IO_default_finish
628 4
+2 1
-2 3
+2 2
+6 3
+3 3
54 2
651 7

fn=(566) _IO_default_setbuf
479 2
fi=(113)
870 1
fe=(96)
479 3
fi=(113)
870 1
fe=(96)
479 3
+1 1
fi=(113)
870 1
+2 2
+1 2
fe=(96)
480 2
cfi=(97)
cfn=(568) _IO_file_sync@@GLIBC_2.2.5
calls=1 807 
* 17
* 3
+2 2
+7 1
-7 1
+10 2
+2 1
-2 1
+1 3
+2 6
-11 1
348 1
485 1
-1 1
+1 1
348 3
+7 1
-5 1
+1 1
+4 2

fn=(416)
347 9
+1 14
+3 3
+2 12
-3 3
+3 6
+3 12
-7 1
cob=(2)
cfi=(18)
cfn=(438) 0x0000000004c4d2c8
calls=1 0 
* 143
* 5

fn=(558) _IO_flush_all_lockp
749 11
+5 4
+1 11
+3 1
-8 1
+5 1
+3 1
-3 1
+3 1
fi=(113)
870 2
fe=(96)
762 1
fi=(113)
870 2
fe=(96)
769 1
fi=(113)
872 2
+1 2
fe=(96)
769 3
cfi=(97)
cfn=(486)
calls=1 -22 
* 130
+1 3
+2 4
-14 2
+16 2
-16 4
+3 2
-1 2
+1 2
+3 14
+14 9
+1 3
+4 12
-29 4

fn=(364) _IO_doallocbuf
362 4
-1 6
+3 8
+4 8
-3 2
fi=(113)
870 6
+2 4
+1 4
fe=(96)
365 4
cfi=(98)
cfn=(366)
calls=2 78 
* 63716
* 4

fn=(556)
918 2
+3 1
-3 8
+3 1
cfn=(558)
calls=1 749 
* 238
-72 1
+72 1
-72 2
+1 11
+3 1
-3 1
+3 1
-3 1
+3 1
fi=(113)
+17 2
fe=(96)
-7 1
fi=(113)
+7 2
fe=(96)
+23 2
-40 6
+2 6
+2 3
+6 12
+8 2
+9 1
fi=(113)
-8 2
+1 2
fe=(96)
+7 4
cfi=(97)
cfn=(564) _IO_file_setbuf@@GLIBC_2.2.5
calls=1 389 
* 83
+2 3
+4 5
+1 9
+10 9
+1 2
+35 12
-62 3
+2 2
+2 1
+1 1
-1 1
+2 3
-28 4
+14 4

fn=(360)
379 490
fi=(113)
870 490
fe=(96)
379 490
+1 245
fi=(113)
870 245
+2 490
+1 490
fe=(96)
380 490
cfi=(97)
cfn=(362) _IO_file_underflow@@GLIBC_2.2.5
calls=245 +98 
* 85268
+1 490
+2 980
+1 980

fl=(125) /build/glibc-OTsEL5/glibc-2.27/stdlib/cxa_finalize.c
fn=(524) __cxa_finalize
30 4
+3 2
-3 10
+3 2
-3 2
+3 10
+3 6
+4 14
-4 6
+58 10
+4 12
-4 6
+12 4
+1 4
cfi=(126)
cfn=(526)
calls=2 -79 
* 32
+2 8
+1 16

fl=(116) /build/glibc-OTsEL5/glibc-2.27/stdio-common/printf.c
fn=(474) printf
28 11000088
+4 1000008
+1 2000016
-1 5000040
+1 3000024
cfi=(117) /build/glibc-OTsEL5/glibc-2.27/stdio-common/vfprintf.c
cfn=(476) vfprintf
calls=1000008 1244 
* 420372555
+4 5000040

fl=(97)
fn=(430)
129 3
+2 3
+4 1
+3 2
-3 1
-1 2
+6 1
+3 1
-3 1
cfi=(96)
cfn=(432)
calls=1 1019 
* 6
+3 3
fi=(113)
870 3
+2 2
+1 2
fe=(97)
143 2
cfn=(434) _IO_file_close
calls=1 1190 
* 7
* 1
+3 3
+8 5
cfi=(96)
cfn=(416)
calls=1 347 
* 172
+1 2
+3 1
-3 1
+1 3
+2 1
cfi=(96)
cfn=(428)
calls=1 53 
* 15
+5 1
-4 1
+1 1
+1 1
+2 1
+1 5

fn=(362)
478 735
+6 735
-14 1225
+17 1470
+13 490
+20 490
cfi=(96)
cfn=(418)
calls=245 164 
* 5880
+11 245
-5 245
fi=(113)
872 245
fe=(97)
526 490
fi=(113)
872 245
fe=(97)
527 245
+2 245
fi=(113)
873 245
fe=(97)
528 490
fi=(113)
873 245
fe=(97)
531 980
cfn=(420) _IO_file_read
calls=245 1153 
* 3430
+2 490
+16 245
-9 245
+9 490
+2 245
+1 490
-1 245
+1 980
-62 3
+5 2
cfi=(96)
cfn=(364)
calls=1 362 
* 63456
* 2

fn=(502) _IO_file_write@@GLIBC_2.2.5
1196 2142
+2 2142
+5 357
cfi=(121)
cfn=(504)
calls=357 27 
* 3213
+1 714
+5 357
+1 357
-12 714
+5 1785
+10 1071
+3 3213

fn=(446)
169 4
+1 2
+7 1
-1 2
+1 2
-1 1
cfi=(96)
cfn=(448)
calls=1 628 
* 25

fn=(482) _IO_file_xsputn@@GLIBC_2.2.5
1220 12000236
+7 3000059
-7 9000177
+6 9000250
+7 5000220
+17 3000132
+1 999803
+3 3999212
+4 999803
+2 2999409
-1 999803
+1 999803
-2 999803
cfi=(119) /build/glibc-OTsEL5/glibc-2.27/string/../sysdeps/x86_64/multiarch/memmove-vec-unaligned-erms.S
cfn=(490) __mempcpy_avx_unaligned_erms
calls=999803 204 
* 17454501
* 999803
* 999803
+4 1999606
+18 1999376
+10 27000531
-40 241
+16 241
fi=(113)
870 723
+2 482
+1 482
fe=(97)
1266 115
fi=(113)
870 345
+2 230
+1 230
fe=(97)
1266 1068
cfn=(486)
calls=356 747 
* 46280
* 712
+6 712
+1 2492
+2 712
+11 1068
+1 1424
cfi=(96)
cfn=(506)
calls=356 392 
* 18290
* 1068

fn=(368)
1169 2
+1 6
cfi=(99)
cfn=(370)
calls=2 34 
* 20

fn=(486)
747 1074
+7 358
-8 2148
+8 1429
+35 716
+3 2
+3 3
+1 3
+1 3
+5 4
-45 2
+12 2
+9 4
+8 1
-4 1
+3 2
-2 2
-3 1
+1 2
+5 1
-1 1
+1 3
+4 357
+1 357
+11 1071
-12 357
cfn=(498) _IO_do_write@@GLIBC_2.2.5
calls=357 433 
* 38556
-31 2
cfi=(96)
cfn=(364)
calls=1 362 
* 310
+1 6

fn=(568)
807 4
+5 4
+2 1
+1 2
+15 2
+4 4

fn=(434)
1190 2
cfi=(112)
cfn=(436)
calls=1 37 
* 5

fn=(498)
433 1071
-2 5712
+11 714
+7 1428
fi=(113)
873 714
fe=(97)
457 1428
cfn=(502)
calls=357 1196 
* 16065
* 357
+1 1785
+6 357
-4 357
+4 357
-4 1071
+1 714
+3 714
-2 357
-29 1428
+1 2856
+29 1071

fn=(564)
389 2
+1 1
cfi=(96)
cfn=(566)
calls=1 +89 
* 68
* 2
+4 2
-1 2
+2 3
+2 1
+1 2

fn=(420)
1153 490
+3 735
cfi=(110)
cfn=(422)
calls=245 27 
* 2205

fl=(72)
fn=(242)
40 1
-2 1
+2 2
-2 2
+11 1

fl=(70)
fn=(232)
30 5
fi=(140) /build/glibc-OTsEL5/glibc-2.27/string/../sysdeps/x86_64/multiarch/strcspn.c
-1 1
fe=(70)

fn=(262)
30 5
fi=(141) /build/glibc-OTsEL5/glibc-2.27/string/../sysdeps/x86_64/multiarch/strspn.c
-1 1
fe=(70)

fn=(246)
30 5
fi=(142) /build/glibc-OTsEL5/glibc-2.27/string/../sysdeps/x86_64/multiarch/strpbrk.c
-1 1
fe=(70)

fl=(118) /build/glibc-OTsEL5/glibc-2.27/string/../sysdeps/x86_64/multiarch/strchr-avx2.S
fn=(480) __strchrnul_avx2
45 2000052
+2 2000052
+1 2000052
+1 2000052
+2 2000052
+1 2000052
+1 2000052
+21 2000052
+1 2000052
+1 2000052
+1 2000052
+1 2000052
+1 2000052
+1 2000052
+2 2000052
+1 2000052
+1 2000052
+2 2000052
+1 2000052
+2 2000052
+7 2000052
+1 2000052

fl=(95) /build/glibc-OTsEL5/glibc-2.27/libio/getc.c
fn=(356) getc
34 999999
+3 999999
-3 999999
+3 999999
+1 5999259
+5 2999507
-5 245
cfi=(96)
cfn=(358)
calls=245 318 
* 100212

fl=(57)
fn=(196)
33 4
+3 4
fi=(143) /build/glibc-OTsEL5/glibc-2.27/string/../sysdeps/x86_64/multiarch/strncpy.c
-7 1
fe=(57)

fn=(266)
33 4
+3 4
fi=(144) /build/glibc-OTsEL5/glibc-2.27/string/../sysdeps/x86_64/multiarch/stpcpy.c
-3 1
fe=(57)

fn=(264)
33 4
+3 4
fi=(145) /build/glibc-OTsEL5/glibc-2.27/string/../sysdeps/x86_64/multiarch/stpncpy.c
-5 1
fe=(57)

fn=(238)
33 8
+3 8
fi=(146) /build/glibc-OTsEL5/glibc-2.27/string/../sysdeps/x86_64/multiarch/strcpy.c
-7 2
fe=(57)

fn=(202)
33 4
+3 4
fi=(147) /build/glibc-OTsEL5/glibc-2.27/string/../sysdeps/x86_64/multiarch/strcat.c
-7 1
fe=(57)

fl=(86)
fn=(316)
488 7
+14 6
758 2
+2 1
+1 1
+2 1
-3 1
+5 1
-5 1
+4 3
+4 2
+3 2
+2 1
+1 1
+2 1
-3 1
+5 1
-5 1
+4 3
+9 1
+2 8
-2 1
+3 8
500 1
+4 1
-4 1
+4 1
cfn=(318) handle_intel.constprop.1
calls=1 259 
* 469
+2 1
-2 1
+2 1
cfn=(318)
calls=1 259 
* 515
+5 1
-5 1
+5 1
cfn=(318)
calls=1 259 
* 542
+8 1
-8 1
+8 1
+11 1
-20 1
+25 3
+4 2
+8 6
+3 2
+9 6
+14 2
+4 1
+3 1
+1 1
-4 1
+3 1
-3 1
+3 1
+6 8
-39 3
+3 9
+6 6
-6 3
+6 2
+3 20
+5 2
+4 1
+1 1
-1 3
691 4
+1 5
+4 2
+59 2
592 2
+8 1
+2 1
-2 6
+2 4
-2 1
+4 1
+23 2
-25 2
+2 6
+2 6
+3 2
+1 8
+2 4
+3 2
+5 1
+2 2
+1 1
-1 1
+2 1
-2 1
+1 2
+27 2
+1 1
+1 2
+2 1
-1 1
+1 1
-24 3
+4 2
+3 1
+2 4
+1 1
+5 2

fn=(320) intel_check_word.isra.0
132 12
+6 6
-10 18
+10 6
-10 6
+10 6
-10 6
+10 12
-10 6
+10 6
+2 6
-2 6
+2 18
250 12
140 24
+2 15
+2 30
+8 30
+51 24
+22 12
fi=(87) /build/glibc-OTsEL5/glibc-2.27/string/../bits/stdlib-bsearch.h
28 12
-1 24
+4 24
+1 12
fe=(86)
+87 24
fi=(87)
-88 138
+1 69
fe=(86)
+87 138
+3 81
fi=(87)
-93 252
+8 15
-8 36
fe=(86)
134 3
255 36
-91 9
+3 9
-6 13
+3 4
+9 4
+5 14
+1 10
+17 5
-32 15
+3 15
+4 14
+2 28
+2 14
+2 8
+4 3
+2 6
+2 3
+2 3
-2 3
+2 6
-2 3
+3 9
-2 12
+2 6
-24 2
+7 2
+2 4

fn=(318)
259 21
+2 3
-2 9
+5 9
+8 3
+1 3
-3 3
+5 12
+6 6
+5 3
-5 9
+5 3
+2 3
+1 3
-1 3
+5 18
cfn=(320)
calls=3 132 
* 1035
+2 6
+3 21
cfn=(320)
calls=3 132 
* 314
+2 6
+19 33

fl=(127)
fn=(570)
27 2
+4 1
+2 2

fl=(89) /build/glibc-OTsEL5/glibc-2.27/csu/../csu/libc-start.c
fn=(328) (below main)
137 8
+4 1
-4 2
+4 2
+98 1
-98 1
+98 1
+1 4
cfi=(90)
cfn=(330)
calls=1 65 
* 65
+22 4
+3 2
+1 5
cob=(5)
cfi=(88)
cfn=(334) __libc_csu_init
calls=1 0 
* 57
+4 4
+15 2
+12 2
cfi=(91)
cfn=(346)
calls=1 30 
* 29
+1 2
+5 2
+1 2
+3 2
+3 6
cob=(5)
cfi=(94) /home/k/CLionProjects/seng440/huff_enc_0_unoptimized.c
cfn=(352) main
calls=1 160 
* 515652821
+34 2
cfi=(122)
cfn=(508)
calls=1 139 
* 1305

fl=(119)
fn=(490)
204 999803
+1 999803
+1 999803
+13 999803
+1 999803
+44 999803
+1 999803
+2 999803
+1 999803
+1 999777
+1 999777
+1 999680
+1 999680
+1 541655
+1 541655
+1 541655
+2 541655
+22 26
+1 26
+1 26
+1 26
+1 26
+3 97
+1 97
+1 97
+1 97
+1 97
+3 458025
+1 458025
+1 458025
+1 458025
+1 458025

fl=(117)
fn=(476)
1244 14000112
+31 3000024
+8 3000025
+4 5000040
+11 4000032
+11 1000008
fi=(148) /build/glibc-OTsEL5/glibc-2.27/stdio-common/printf-parse.h
108 2000016
fe=(117)
1309 3000024
fi=(148)
108 1000008
cfi=(118)
cfn=(480)
calls=1000008 -63 
* 22000176
* 1000008
fe=(117)
1324 1000008
fi=(148)
108 1000008
fe=(117)
1324 6000048
+1 13000104
+3 1000008
fi=(149) /build/glibc-OTsEL5/glibc-2.27/stdio-common/../libio/libioP.h
870 3000024
+2 1000008
-2 1000008
+2 1000008
-2 1000008
+3 2000016
fe=(117)
1328 6000048
cfi=(97)
cfn=(482)
calls=1000008 1220 
* 19000152
* 2000016
1696 5000040
+1 3000024
+3 12000096
1283 2000014
+45 2000016
+4 3000024
+4 8000064
-57 1000008
+34 1000008
-8 1000008
-59 2000016
1378 15000660
-3 1000044
-5 1000044
-4 1000044
-1 1000044
-1 1000044
-1 1000044
-1 1000044
-1 1000044
-1 1000044
+15 1000044
-16 1000044
-1 1000044
-1 1000044
+14 1000044
-4 1000044
+8 1000044
-1 2000088
1696 6000048
-36 1000044
+2 2000088
+8 1000044
fi=(148)
108 4000176
cfi=(118)
cfn=(480)
calls=1000044 -63 
* 22000968
* 1000044
fe=(117)
1674 1000044
fi=(148)
108 1000044
fe=(117)
1674 3000132
fi=(149)
872 3000132
+1 2000088
fe=(117)
1674 7000308
cfi=(97)
cfn=(482)
calls=1000044 1220 
* 19002538
* 7000308
+2 1000044
-2 1000044
+2 3000096
-33 25000382
-1 432
cfi=(120)
cfn=(494)
calls=36 168 
* 984
* 1224
1324 4000032
1642 648
fi=(149)
872 108
+1 72
fe=(117)
1642 180
cfi=(97)
cfn=(482)
calls=36 1220 
* 2344
* 576
+1 2999913
fi=(149)
872 2999913
+1 1999942
fe=(117)
1643 6999797
cfi=(97)
cfn=(482)
calls=999971 1220 
* 65524211
* 11999652
-1 144
+1 108
-1 684
+1 4999855
cfi=(114)
cfn=(466)
calls=999971 52 
* 16832725
* 999971
* 999971
-1 396
+1 5
cfi=(96)
cfn=(484)
calls=1 217 
* 385
* 4

fl=(107)
fn=(410)
46 2
+1 2
cfi=(108)
cfn=(412)
calls=2 -15 
* 72
+2 6
+3 4

fl=(68)
fn=(224)
38 4
+3 4
+6 1

ob=(5)
fl=(94)
fn=(460) insert
68 210
+2 140
+1 4191
+3 4511
-4 1494
+2 34
+4 272
+1 102
-1 8
+1 3

fn=(454) makeTree
79 13
+1 26
+4 2
+1 72
cob=(3)
cfi=(100)
cfn=(374)
calls=36 3028 
* 7884
* 36
* 180
+1 180
+1 180
+1 180
+1 360
+1 396
-6 147
+10 2
+5 1
+4 1
+1 420
cfn=(458) join
calls=35 -50 
* 8750
* 35
+4 210
cfn=(460)
calls=35 -40 
* 10965
+1 35
-6 108
+9 8
+1 6

fn=(462) makeLookupTable
138 15
+1 2
+1 4
+9 3
cob=(3)
cfi=(114)
cfn=(466)
calls=1 -97 
* 19
* 1
* 1
+1 23
+1 5
cob=(3)
cfi=(115)
cfn=(470)
calls=1 32 
* 8
* 1
+2 4
+1 5
+1 7
cfn=(463) makeLookupTable'2
calls=1 -17 
* 21738
+1 4
+1 7
cfn=(463)
calls=1 -19 
* 458
* 2
+1 10

fn=(463)
138 2130
+1 284
+1 280
+1 280
+2 108
cob=(3)
cfi=(114)
cfn=(466)
calls=36 -91 
* 660
* 36
* 324
cob=(3)
cfi=(100)
cfn=(374)
calls=36 3028 
* 7864
* 36
* 36
+1 396
cob=(3)
cfi=(115)
cfn=(470)
calls=36 32 
* 914
* 36
+5 210
cob=(3)
cfi=(114)
cfn=(466)
calls=70 -97 
* 1186
* 70
* 70
+1 1610
+1 350
cob=(3)
cfi=(115)
cfn=(470)
calls=70 32 
* 1652
* 70
+2 280
+1 350
+1 490
cfn=(463)
calls=70 -17 
* 75562
+1 280
+1 490
cfn=(463)
calls=70 -19 
* 70033
* 140
-18 144
+19 1420

fn=(352)
160 11
+2 2
+1 2
+6 2
+1 1
+1 1
+1 4999995
+2 2999997
-3 2999997
cob=(3)
cfi=(95)
cfn=(356)
calls=999999 34 
* 13099219
* 999999
* 2999997
+3 1
+3 2
+2 3
cob=(3)
cfi=(111)
cfn=(426)
calls=1 34 
* 465
* 1
+3 55
+2 7
cfn=(450) charCount
calls=1 8 
* 20999714
* 1
+5 2
+1 475
-1 287
+3 6
cfn=(452) sort
calls=1 24 
* 125405
+3 2
+1 222
-1 110
+2 1
+5 24
+1 26
+1 2
+1 432
+1 396
-2 147
+6 6
cfn=(454)
calls=1 79 
* 30197
+1 133
+1 5
cfn=(462)
calls=1 -74 
* 22317
+21 5
cob=(3)
cfi=(116)
cfn=(474)
calls=1 28 
* 772
* 1
+1 2
+1 468
cob=(3)
cfi=(116)
cfn=(474)
calls=36 28 
* 25648
* 36
-1 147
+6 2
+2 1
+2 3999940
+1 6999797
cob=(3)
cfi=(116)
cfn=(474)
calls=999971 28 
* 447346351
* 999971
-3 7000000
+7 2
+1 11

fn=(452)
24 5
+1 1
+3 1
+1 188
+1 94
+2 11648
+1 21632
+1 13312
+1 11648
+1 21632
+1 13312
+3 1664
-10 29886
+12 94
-14 285
+16 3

fn=(450)
8 5
+1 3
+1 1
+1 1
+1 3999940
+1 6999797
+1 999971
+2 999971
+1 2999913
+1 999971
-7 1999942
+5 28
+1 84
+1 28
-7 2000056
+9 1
+1 2

fn=(458)
54 175
+1 70
cob=(3)
cfi=(100)
cfn=(374)
calls=35 3028 
* 7665
* 35
* 35
+1 105
+1 105
+1 70
+1 70
+1 70
+3 245
+2 35
+1 70

fl=(88)
fn=(516)
0 8
cob=(2)
cfi=(18)
cfn=(522) 0x0000000000108790
calls=1 0 
0 75
0 1
cfn=(530) 0x00000000000007d0
calls=1 0 
0 8
0 3

fn=(340) 0x00000000000008a0
0 17

fn=(326)
0 11
cob=(3)
cfi=(89)
cfn=(328)
calls=1 137 
0 515654332

fn=(530)
0 8

fn=(334)
0 15
cob=(2)
cfi=(18)
cfn=(336) 0x00000000001086e0
calls=1 0 
0 6
0 8
cfn=(340)
calls=1 0 
0 17
0 11

ob=(2)
fl=(18)
fn=(536)
0 3

fn=(292)
0 6

fn=(544)
0 1
cob=(3)
cfi=(125)
cfn=(524)
calls=1 30 
0 74

fn=(554)
0 3

fn=(372)
0 2
cob=(3)
cfi=(100)
cfn=(374)
calls=2 3028 
0 63548

fn=(88)
0 1
cob=(1)
cfi=(19)
cfn=(90)
calls=1 111 
0 4

fn=(336)
0 6

fn=(522)
0 1
cob=(3)
cfi=(125)
cfn=(524)
calls=1 30 
0 74

fn=(438)
0 1
cob=(3)
cfi=(100)
cfn=(440)
calls=1 3086 
0 142

totals: 515781825
